

























































































































































































































































0.9797980 0.9797980 0.9797980 0.9797980 0.9797980 0.9797980 0.9797980 0.9797980 0.9797980 0.9797980 0.9797980 0.9797980 0.9797980 0.9797980 0.9797980 0.9797980 0.9797980 0.9797980 0.9797980 0.9797980 0.9797980 0.9797980 0.9797980 0.9797980 0.9797980 0.9797980 0.9797980 0.9797980 0.9797980 0.9797980 0.9797980 0.9797980 0.9797980 0.9797980 0.9797980 0.9797980 0.9797980 0.9797980 0.9797980 0.9797980 0.9797980 0.9797980 0.9797980 0.9797980 0.9797980 0.9797980 0.9797980 0.9797980 0.9797980 0.9797980 0.9797980 0.9797980 0.9797980 0.9797980 0.9797980 0.9797980 0.9797980 0.9797980 0.9797980 0.9797980 0.9797980 0.9797980 0.9797980 0.9797980 0.9797980 0.9797980 0.9797980 0.9797980 0.9797980 0.9797980 0.9797980 0.9797980 0.9797980 0.9797980 0.9797980 0.9797980 0.9797980 0.9797980 0.9797980 0.9797980 0.9797980 0.9797980 0.9797980 0.9797980 0.9797980 0.9797980 0.9797980 0.9797980 0.9797980 0.9797980 0.9797980 0.9797980 0.9797980 0.9797980 0.9797980 0.9797980 0.9797980 0.9797980 0.9797980 0.9797980 0.9797980 0.9797980 0.9797980 0.9797980 0.9797980 0.9797980 0.9797980 0.9797980 0.9797980 0.9797980 0.9797980 0.9797980 0.9797980 0.9797980 0.9797980 0.9797980 0.9797980 0.9797980 0.9797980 0.9797980 
0.9797980 0.9797980 0.9797980 0.9797980 0.9797980 0.9797980 0.9797980 0.9797980 0.9797980 0.9797980 0.9797980 0.9797980 0.9797980 0.9797980 0.9797980 0.9797980 0.9797980 0.9797980 0.9797980 0.9797980 0.9797980 0.9797980 0.9797980 0.9797980 0.9797980 0.9797980 0.9797980 0.9797980 0.9797980 0.9797980 0.9797980 0.9797980 0.9797980 0.9797980 0.9797980 0.9797980 0.9797980 0.9797980 0.9797980 0.9797980 0.9797980 0.9797980 0.9797980 0.9797980 0.9797980 0.9797980 0.9797980 0.9797980 0.9797980 0.9797980 0.9797980 0.9797980 0.9797980 0.9797980 0.9797980 0.9797980 0.9797980 0.9797980 0.9797980 0.9797980 0.9797980 0.9797980 0.9797980 0.9797980 0.9797980 0.9797980 0.9797980 0.9797980 0.9797980 0.9797980 0.9797980 0.9797980 0.9797980 0.9797980 0.9797980 0.9797980 0.9797980 0.9797980 0.9797980 0.9797980 0.9797980 0.9797980 0.9797980 0.9797980 0.9797980 0.9797980 0.9797980 0.9797980 0.9797980 0.9797980 0.9797980 0.9797980 0.9797980 0.9797980 0.9797980 0.9797980 0.9797980 0.9797980 0.9797980 0.9797980 0.9797980 0.9797980 0.9797980 0.9797980 0.9797980 0.9797980 0.9797980 0.9797980 0.9797980 0.9797980 0.9797980 0.9797980 0.9797980 0.9797980 0.9797980 0.9797980 0.9797980 0.9797980 0.9797980 
0.9797980 0.9797980 0.9797980 0.9797980 0.9797980 0.9797980 0.9797980 0.9797980 0.9797980 0.9797980 0.9797980 0.9797980 0.9797980 0.9797980 0.9797980 0.9797980 0.9797980 0.9797980 0.9797980 0.9797980 0.9797980 0.9797980 0.9797980 0.9797980 0.9797980 0.9797980 0.9797980 0.9797980 0.9797980 0.9797980 0.9797980 0.9797980 0.9797980 0.9797980 0.9797980 0.9797980 0.9797980 0.9797980 0.9797980 0.9797980 0.9797980 0.9797980 0.9797980 0.9797980 0.9797980 0.9797980 0.9797980 0.9797980 0.9797980 0.9797980 0.9797980 0.9797980 0.9797980 0.9797980 0.9797980 0.9797980 0.9797980 0.9797980 0.9797980 0.9797980 0.9797980 0.9797980 0.9797980 0.9797980 0.9797980 0.9797980 0.9797980 0.9797980 0.9797980 0.9797980 0.9797980 0.9797980 0.9797980 0.9797980 0.9797980 0.9797980 0.9797980 0.9797980 0.9797980 0.9797980 0.9797980 0.9797980 0.9797980 0.9797980 0.9797980 0.9797980 0.9797980 0.9797980 0.9797980 0.9797980 0.9797980 0.9797980 0.9797980 0.9797980 0.9797980 0.9797980 0.9797980 0.9797980 0.9797980 0.9797980 0.9797980 0.9797980 0.9797980 0.9797980 0.9797980 0.9797980 0.9797980 0.9797980 0.9797980 0.9797980 0.9797980 0.9797980 0.9797980 0.9797980 0.9797980 0.9797980 0.9797980 0.9797980 
0.9797980 0.9797980 0.9797980 0.9797980 0.9797980 0.9797980 0.9797980 0.9797980 0.9797980 0.9797980 0.9797980 0.9797980 0.9797980 0.9797980 0.9797980 0.9797980 0.9797980 0.9797980 0.9797980 0.9797980 0.9797980 0.9797980 0.9797980 0.9797980 0.9797980 0.9797980 0.9797980 0.9797980 0.9797980 0.9797980 0.9797980 0.9797980 0.9797980 0.9797980 0.9797980 0.9797980 0.9797980 0.9797980 0.9797980 0.9797980 0.9797980 0.9797980 0.9797980 0.9797980 0.9797980 0.9797980 0.9797980 0.9797980 0.9797980 0.9797980 0.9797980 0.9797980 0.9797980 0.9797980 0.9797980 0.9797980 0.9797980 0.9797980 0.9797980 0.9797980 0.9797980 0.9797980 0.9797980 0.9797980 0.9797980 0.9797980 0.9797980 0.9797980 0.9797980 0.9797980 0.9797980 0.9797980 0.9797980 0.9797980 0.9797980 0.9797980 0.9797980 0.9797980 0.9797980 0.9797980 0.9797980 0.9797980 0.9797980 0.9797980 0.9797980 0.9797980 0.9797980 0.9797980 0.9797980 0.9797980 0.9797980 0.9797980 0.9797980 0.9797980 0.9797980 0.9797980 0.9797980 0.9797980 0.9797980 0.9797980 0.9797980 0.9797980 0.9797980 0.9797980 0.9797980 0.9797980 0.9797980 0.9797980 0.9797980 0.9797980 0.9797980 0.9797980 0.9797980 0.9797980 0.9797980 0.9797980 0.9797980 
0.9797980 0.9797980 0.9797980 0.9797980 0.9797980 0.9797980 0.9797980 0.9797980 0.9797980 0.9797980 0.9797980 0.9797980 0.9797980 0.9797980 0.9797980 0.9797980 0.9797980 0.9797980 0.9797980 0.9797980 0.9797980 0.9797980 0.9797980 0.9797980 0.9797980 0.9797980 0.9797980 0.9797980 0.9797980 0.9797980 0.9797980 0.9797980 0.9797980 0.9797980 0.9797980 0.9797980 0.9797980 0.9797980 0.9797980 0.9797980 0.9797980 0.9797980 0.9797980 0.9797980 0.9797980 0.9797980 0.9797980 0.9797980 0.9797980 0.9797980 0.9797980 0.9797980 0.9797980 0.9797980 0.9797980 0.9797980 0.9797980 0.9797980 0.9797980 0.9797980 0.9797980 0.9797980 0.9797980 0.9797980 0.9797980 0.9797980 0.9797980 0.9797980 0.9797980 0.9797980 0.9797980 0.9797980 0.9797980 0.9797980 0.9797980 0.9797980 0.9797980 0.9797980 0.9797980 0.9797980 0.9797980 0.9797980 0.9797980 0.9797980 0.9797980 0.9797980 0.9797980 0.9797980 0.9797980 0.9797980 0.9797980 0.9797980 0.9797980 0.9797980 0.9797980 0.9797980 0.9797980 0.9797980 0.9797980 0.9797980 0.9797980 0.9797980 0.9797980 0.9797980 0.9797980 0.9797980 0.9797980 0.9797980 0.9797980 0.9797980 0.9797980 0.9797980 0.9797980 0.9797980 0.9797980 0.9797980 
0.9797980 0.9797980 0.9797980 0.9797980 0.9797980 0.9797980 0.9797980 0.9797980 0.9797980 0.9797980 0.9797980 0.9797980 0.9797980 0.9797980 0.9797980 0.9797980 0.9797980 0.9797980 0.9797980 0.9797980 0.9797980 0.9797980 0.9797980 0.9797980 0.9797980 0.9797980 0.9797980 0.9797980 0.9797980 0.9797980 0.9797980 0.9797980 0.9797980 0.9797980 0.9797980 0.9797980 0.9797980 0.9797980 0.9797980 0.9797980 0.9797980 0.9797980 0.9797980 0.9797980 0.9797980 0.9797980 0.9797980 0.9797980 0.9797980 0.9797980 0.9797980 0.9797980 0.9797980 0.9797980 0.9797980 0.9797980 0.9797980 0.9797980 0.9797980 0.9797980 0.9797980 0.9797980 0.9797980 0.9797980 0.9797980 0.9797980 0.9797980 0.9797980 0.9797980 0.9797980 0.9797980 0.9797980 0.9797980 0.9797980 0.9797980 0.9797980 0.9797980 0.9797980 0.9797980 0.9797980 0.9797980 0.9797980 0.9797980 0.9797980 0.9797980 0.9797980 0.9797980 0.9797980 0.9797980 0.9797980 0.9797980 0.9797980 0.9797980 0.9797980 0.9797980 0.9797980 0.9797980 0.9797980 0.9797980 0.9797980 0.9797980 0.9797980 0.9797980 0.9797980 0.9797980 0.9797980 0.9797980 0.9797980 0.9797980 0.9797980 0.9797980 0.9797980 0.9797980 0.9797980 0.9797980 
0.9797980 0.9797980 0.9797980 0.9797980 0.9797980 0.9797980 0.9797980 0.9797980 0.9797980 0.9797980 0.9797980 0.9797980 0.9797980 0.9797980 0.9797980 0.9797980 0.9797980 0.9797980 0.9797980 0.9797980 0.9797980 0.9797980 0.9797980 0.9797980 0.9797980 0.9797980 0.9797980 0.9797980 0.9797980 0.9797980 0.9797980 0.9797980 0.9797980 0.9797980 0.9797980 0.9797980 0.9797980 0.9797980 0.9797980 0.9797980 0.9797980 0.9797980 0.9797980 0.9797980 0.9797980 0.9797980 0.9797980 0.9797980 0.9797980 0.9797980 0.9797980 0.9797980 0.9797980 0.9797980 0.9797980 0.9797980 0.9797980 0.9797980 0.9797980 0.9797980 0.9797980 0.9797980 0.9797980 0.9797980 0.9797980 0.9797980 0.9797980 0.9797980 0.9797980 0.9797980 0.9797980 0.9797980 0.9797980 0.9797980 0.9797980 0.9797980 0.9797980 0.9797980 0.9797980 0.9797980 0.9797980 0.9797980 0.9797980 0.9797980 0.9797980 0.9797980 0.9797980 0.9797980 0.9797980 0.9797980 0.9797980 0.9797980 0.9797980 0.9797980 0.9797980 0.9797980 0.9797980 0.9797980 0.9797980 0.9797980 0.9797980 0.9797980 0.9797980 0.9797980 0.9797980 0.9797980 0.9797980 0.9797980 0.9797980 0.9797980 0.9797980 0.9797980 0.9797980 0.9797980 
0.9797980 0.9797980 0.9797980 0.9797980 0.9797980 0.9797980 0.9797980 0.9797980 0.9797980 0.9797980 0.9797980 0.9797980 0.9797980 0.9797980 0.9797980 0.9797980 0.9797980 0.9797980 0.9797980 0.9797980 0.9797980 0.9797980 0.9797980 0.9797980 0.9797980 0.9797980 0.9797980 0.9797980 0.9797980 0.9797980 0.9797980 0.9797980 0.9797980 0.9797980 0.9797980 0.9797980 0.9797980 0.9797980 0.9797980 0.9797980 0.9797980 0.9797980 0.9797980 0.9797980 0.9797980 0.9797980 0.9797980 0.9797980 0.9797980 0.9797980 0.9797980 0.9797980 0.9797980 0.9797980 0.9797980 0.9797980 0.9797980 0.9797980 0.9797980 0.9797980 0.9797980 0.9797980 0.9797980 0.9797980 0.9797980 0.9797980 0.9797980 0.9797980 0.9797980 0.9797980 0.9797980 0.9797980 0.9797980 0.9797980 0.9797980 0.9797980 0.9797980 0.9797980 0.9797980 0.9797980 0.9797980 0.9797980 0.9797980 0.9797980 0.9797980 0.9797980 0.9797980 0.9797980 0.9797980 0.9797980 0.9797980 0.9797980 0.9797980 0.9797980 0.9797980 0.9797980 0.9797980 0.9797980 0.9797980 0.9797980 0.9797980 0.9797980 0.9797980 0.9797980 0.9797980 0.9797980 0.9797980 0.9797980 0.9797980 0.9797980 0.9797980 0.9797980 0.9797980 
0.9797980 0.9797980 0.9797980 0.9797980 0.9797980 0.9797980 0.9797980 0.9797980 0.9797980 0.9797980 0.9797980 0.9797980 0.9797980 0.9797980 0.9797980 0.9797980 0.9797980 0.9797980 0.9797980 0.9797980 0.9797980 0.9797980 0.9797980 0.9797980 0.9797980 0.9797980 0.9797980 0.9797980 0.9797980 0.9797980 0.9797980 0.9797980 0.9797980 0.9797980 0.9797980 0.9797980 0.9797980 0.9797980 0.9797980 0.9797980 0.9797980 0.9797980 0.9797980 0.9797980 0.9797980 0.9797980 0.9797980 0.9797980 0.9797980 0.9797980 0.9797980 0.9797980 0.9797980 0.9797980 0.9797980 0.9797980 0.9797980 0.9797980 0.9797980 0.9797980 0.9797980 0.9797980 0.9797980 0.9797980 0.9797980 0.9797980 0.9797980 0.9797980 0.9797980 0.9797980 0.9797980 0.9797980 0.9797980 0.9797980 0.9797980 0.9797980 0.9797980 0.9797980 0.9797980 0.9797980 0.9797980 0.9797980 0.9797980 0.9797980 0.9797980 0.9797980 0.9797980 0.9797980 0.9797980 0.9797980 0.9797980 0.9797980 0.9797980 0.9797980 0.9797980 0.9797980 0.9797980 0.9797980 0.9797980 0.9797980 0.9797980 0.9797980 0.9797980 0.9797980 0.9797980 0.9797980 0.9797980 0.9797980 0.9797980 0.9797980 0.9797980 0.9797980 
0.9797980 0.9797980 0.9797980 0.9797980 0.9797980 0.9797980 0.9797980 0.9797980 0.9797980 0.9797980 0.9797980 0.9797980 0.9797980 0.9797980 0.9797980 0.9797980 0.9797980 0.9797980 0.9797980 0.9797980 0.9797980 0.9797980 0.9797980 0.9797980 0.9797980 0.9797980 0.9797980 0.9797980 0.9797980 0.9797980 0.9797980 0.9797980 0.9797980 0.9797980 0.9797980 0.9797980 0.9797980 0.9797980 0.9797980 0.9797980 0.9797980 0.9797980 0.9797980 0.9797980 0.9797980 0.9797980 0.9797980 0.9797980 0.9797980 0.9797980 0.9797980 0.9797980 0.9797980 0.9797980 0.9797980 0.9797980 0.9797980 0.9797980 0.9797980 0.9797980 0.9797980 0.9797980 0.9797980 0.9797980 0.9797980 0.9797980 0.9797980 0.9797980 0.9797980 0.9797980 0.9797980 0.9797980 0.9797980 0.9797980 0.9797980 0.9797980 0.9797980 0.9797980 0.9797980 0.9797980 0.9797980 0.9797980 0.9797980 0.9797980 0.9797980 0.9797980 0.9797980 0.9797980 0.9797980 0.9797980 0.9797980 0.9797980 0.9797980 0.9797980 0.9797980 0.9797980 0.9797980 0.9797980 0.9797980 0.9797980 0.9797980 0.9797980 0.9797980 0.9797980 0.9797980 0.9797980 0.9797980 0.9797980 0.9797980 0.9797980 0.9797980 
0.9797980 0.9797980 0.9797980 0.9797980 0.9797980 0.9797980 0.9797980 0.9797980 0.9797980 0.9797980 0.9797980 0.9797980 0.9797980 0.9797980 0.9797980 0.9797980 0.9797980 0.9797980 0.9797980 0.9797980 0.9797980 0.9797980 0.9797980 0.9797980 0.9797980 0.9797980 0.9797980 0.9797980 0.9797980 0.9797980 0.9797980 0.9797980 0.9797980 0.9797980 0.9797980 0.9797980 0.9797980 0.9797980 0.9797980 0.9797980 0.9797980 0.9797980 0.9797980 0.9797980 0.9797980 0.9797980 0.9797980 0.9797980 0.9797980 0.9797980 0.9797980 0.9797980 0.9797980 0.9797980 0.9797980 0.9797980 0.9797980 0.9797980 0.9797980 0.9797980 0.9797980 0.9797980 0.9797980 0.9797980 0.9797980 0.9797980 0.9797980 0.9797980 0.9797980 0.9797980 0.9797980 0.9797980 0.9797980 0.9797980 0.9797980 0.9797980 0.9797980 0.9797980 0.9797980 0.9797980 0.9797980 0.9797980 0.9797980 0.9797980 0.9797980 0.9797980 0.9797980 0.9797980 0.9797980 0.9797980 0.9797980 0.9797980 0.9797980 0.9797980 0.9797980 0.9797980 0.9797980 0.9797980 0.9797980 0.9797980 0.9797980 0.9797980 0.9797980 0.9797980 0.9797980 0.9797980 0.9797980 0.9797980 0.9797980 0.9797980 
0.9797980 0.9797980 0.9797980 0.9797980 0.9797980 0.9797980 0.9797980 0.9797980 0.9797980 0.9797980 0.9797980 0.9797980 0.9797980 0.9797980 0.9797980 0.9797980 0.9797980 0.9797980 0.9797980 0.9797980 0.9797980 0.9797980 0.9797980 0.9797980 0.9797980 0.9797980 0.9797980 0.9797980 0.9797980 0.9797980 0.9797980 0.9797980 0.9797980 0.9797980 0.9797980 0.9797980 0.9797980 0.9797980 0.9797980 0.9797980 0.9797980 0.9797980 0.9797980 0.9797980 0.9797980 0.9797980 0.9797980 0.9797980 0.9797980 0.9797980 0.9797980 0.9797980 0.9797980 0.9797980 0.9797980 0.9797980 0.9797980 0.9797980 0.9797980 0.9797980 0.9797980 0.9797980 0.9797980 0.9797980 0.9797980 0.9797980 0.9797980 0.9797980 0.9797980 0.9797980 0.9797980 0.9797980 0.9797980 0.9797980 0.9797980 0.9797980 0.9797980 0.9797980 0.9797980 0.9797980 0.9797980 0.9797980 0.9797980 0.9797980 0.9797980 0.9797980 0.9797980 0.9797980 0.9797980 0.9797980 0.9797980 0.9797980 0.9797980 0.9797980 0.9797980 0.9797980 0.9797980 0.9797980 0.9797980 0.9797980 0.9797980 0.9797980 0.9797980 0.9797980 0.9797980 0.9797980 0.9797980 0.9797980 0.9797980 
0.9797980 0.9797980 0.9797980 0.9797980 0.9797980 0.9797980 0.9797980 0.9797980 0.9797980 0.9797980 0.9797980 0.9797980 0.9797980 0.9797980 0.9797980 0.9797980 0.9797980 0.9797980 0.9797980 0.9797980 0.9797980 0.9797980 0.9797980 0.9797980 0.9797980 0.9797980 0.9797980 0.9797980 0.9797980 0.9797980 0.9797980 0.9797980 0.9797980 0.9797980 0.9797980 0.9797980 0.9797980 0.9797980 0.9797980 0.9797980 0.9797980 0.9797980 0.9797980 0.9797980 0.9797980 0.9797980 0.9797980 0.9797980 0.9797980 0.9797980 0.9797980 0.9797980 0.9797980 0.9797980 0.9797980 0.9797980 0.9797980 0.9797980 0.9797980 0.9797980 0.9797980 0.9797980 0.9797980 0.9797980 0.9797980 0.9797980 0.9797980 0.9797980 0.9797980 0.9797980 0.9797980 0.9797980 0.9797980 0.9797980 0.9797980 0.9797980 0.9797980 0.9797980 0.9797980 0.9797980 0.9797980 0.9797980 0.9797980 0.9797980 0.9797980 0.9797980 0.9797980 0.9797980 0.9797980 0.9797980 0.9797980 0.9797980 0.9797980 0.9797980 0.9797980 0.9797980 0.9797980 0.9797980 0.9797980 0.9797980 0.9797980 0.9797980 0.9797980 0.9797980 0.9797980 0.9797980 0.9797980 0.9797980 
0.9797980 0.9797980 0.9797980 0.9797980 0.9797980 0.9797980 0.9797980 0.9797980 0.9797980 0.9797980 0.9797980 0.9797980 0.9797980 0.9797980 0.9797980 0.9797980 0.9797980 0.9797980 0.9797980 0.9797980 0.9797980 0.9797980 0.9797980 0.9797980 0.9797980 0.9797980 0.9797980 0.9797980 0.9797980 0.9797980 0.9797980 0.9797980 0.9797980 0.9797980 0.9797980 0.9797980 0.9797980 0.9797980 0.9797980 0.9797980 0.9797980 0.9797980 0.9797980 0.9797980 0.9797980 0.9797980 0.9797980 0.9797980 0.9797980 0.9797980 0.9797980 0.9797980 0.9797980 0.9797980 0.9797980 0.9797980 0.9797980 0.9797980 0.9797980 0.9797980 0.9797980 0.9797980 0.9797980 0.9797980 0.9797980 0.9797980 0.9797980 0.9797980 0.9797980 0.9797980 0.9797980 0.9797980 0.9797980 0.9797980 0.9797980 0.9797980 0.9797980 0.9797980 0.9797980 0.9797980 0.9797980 0.9797980 0.9797980 0.9797980 0.9797980 0.9797980 0.9797980 0.9797980 0.9797980 0.9797980 0.9797980 0.9797980 0.9797980 0.9797980 0.9797980 0.9797980 0.9797980 0.9797980 0.9797980 0.9797980 0.9797980 0.9797980 0.9797980 0.9797980 0.9797980 0.9797980 0.9797980 
0.9797980 0.9797980 0.9797980 0.9797980 0.9797980 0.9797980 0.9797980 0.9797980 0.9797980 0.9797980 0.9797980 0.9797980 0.9797980 0.9797980 0.9797980 0.9797980 0.9797980 0.9797980 0.9797980 0.9797980 0.9797980 0.9797980 0.9797980 0.9797980 0.9797980 0.9797980 0.9797980 0.9797980 0.9797980 0.9797980 0.9797980 0.9797980 0.9797980 0.9797980 0.9797980 0.9797980 0.9797980 0.9797980 0.9797980 0.9797980 0.9797980 0.9797980 0.9797980 0.9797980 0.9797980 0.9797980 0.9797980 0.9797980 0.9797980 0.9797980 0.9797980 0.9797980 0.9797980 0.9797980 0.9797980 0.9797980 0.9797980 0.9797980 0.9797980 0.9797980 0.9797980 0.9797980 0.9797980 0.9797980 0.9797980 0.9797980 0.9797980 0.9797980 0.9797980 0.9797980 0.9797980 0.9797980 0.9797980 0.9797980 0.9797980 0.9797980 0.9797980 0.9797980 0.9797980 0.9797980 0.9797980 0.9797980 0.9797980 0.9797980 0.9797980 0.9797980 0.9797980 0.9797980 0.9797980 0.9797980 0.9797980 0.9797980 0.9797980 0.9797980 0.9797980 0.9797980 0.9797980 0.9797980 0.9797980 0.9797980 0.9797980 0.9797980 0.9797980 0.9797980 0.9797980 0.9797980 
0.9797980 0.9797980 0.9797980 0.9797980 0.9797980 0.9797980 0.9797980 0.9797980 0.9797980 0.9797980 0.9797980 0.9797980 0.9797980 0.9797980 0.9797980 0.9797980 0.9797980 0.9797980 0.9797980 0.9797980 0.9797980 0.9797980 0.9797980 0.9797980 0.9797980 0.9797980 0.9797980 0.9797980 0.9797980 0.9797980 0.9797980 0.9797980 0.9797980 0.9797980 0.9797980 0.9797980 0.9797980 0.9797980 0.9797980 0.9797980 0.9797980 0.9797980 0.9797980 0.9797980 0.9797980 0.9797980 0.9797980 0.9797980 0.9797980 0.9797980 0.9797980 0.9797980 0.9797980 0.9797980 0.9797980 0.9797980 0.9797980 0.9797980 0.9797980 0.9797980 0.9797980 0.9797980 0.9797980 0.9797980 0.9797980 0.9797980 0.9797980 0.9797980 0.9797980 0.9797980 0.9797980 0.9797980 0.9797980 0.9797980 0.9797980 0.9797980 0.9797980 0.9797980 0.9797980 0.9797980 0.9797980 0.9797980 0.9797980 0.9797980 0.9797980 0.9797980 0.9797980 0.9797980 0.9797980 0.9797980 0.9797980 0.9797980 0.9797980 0.9797980 0.9797980 0.9797980 0.9797980 0.9797980 0.9797980 0.9797980 0.9797980 0.9797980 0.9797980 0.9797980 0.9797980 
0.9797980 0.9797980 0.9797980 0.9797980 0.9797980 0.9797980 0.9797980 0.9797980 0.9797980 0.9797980 0.9797980 0.9797980 0.9797980 0.9797980 0.9797980 0.9797980 0.9797980 0.9797980 0.9797980 0.9797980 0.9797980 0.9797980 0.9797980 0.9797980 0.9797980 0.9797980 0.9797980 0.9797980 0.9797980 0.9797980 0.9797980 0.9797980 0.9797980 0.9797980 0.9797980 0.9797980 0.9797980 0.9797980 0.9797980 0.9797980 0.9797980 0.9797980 0.9797980 0.9797980 0.9797980 0.9797980 0.9797980 0.9797980 0.9797980 0.9797980 0.9797980 0.9797980 0.9797980 0.9797980 0.9797980 0.9797980 0.9797980 0.9797980 0.9797980 0.9797980 0.9797980 0.9797980 0.9797980 0.9797980 0.9797980 0.9797980 0.9797980 0.9797980 0.9797980 0.9797980 0.9797980 0.9797980 0.9797980 0.9797980 0.9797980 0.9797980 0.9797980 0.9797980 0.9797980 0.9797980 0.9797980 0.9797980 0.9797980 0.9797980 0.9797980 0.9797980 0.9797980 0.9797980 0.9797980 0.9797980 0.9797980 0.9797980 0.9797980 0.9797980 0.9797980 0.9797980 0.9797980 0.9797980 0.9797980 0.9797980 0.9797980 0.9797980 0.9797980 0.9797980 
0.9797980 0.9797980 0.9797980 0.9797980 0.9797980 0.9797980 0.9797980 0.9797980 0.9797980 0.9797980 0.9797980 0.9797980 0.9797980 0.9797980 0.9797980 0.9797980 0.9797980 0.9797980 0.9797980 0.9797980 0.9797980 0.9797980 0.9797980 0.9797980 0.9797980 0.9797980 0.9797980 0.9797980 0.9797980 0.9797980 0.9797980 0.9797980 0.9797980 0.9797980 0.9797980 0.9797980 0.9797980 0.9797980 0.9797980 0.9797980 0.9797980 0.9797980 0.9797980 0.9797980 0.9797980 0.9797980 0.9797980 0.9797980 0.9797980 0.9797980 0.9797980 0.9797980 0.9797980 0.9797980 0.9797980 0.9797980 0.9797980 0.9797980 0.9797980 0.9797980 0.9797980 0.9797980 0.9797980 0.9797980 0.9797980 0.9797980 0.9797980 0.9797980 0.9797980 0.9797980 0.9797980 0.9797980 0.9797980 0.9797980 0.9797980 0.9797980 0.9797980 0.9797980 0.9797980 0.9797980 0.9797980 0.9797980 0.9797980 0.9797980 0.9797980 0.9797980 0.9797980 0.9797980 0.9797980 0.9797980 0.9797980 0.9797980 0.9797980 0.9797980 0.9797980 0.9797980 0.9797980 0.9797980 0.9797980 0.9797980 0.9797980 0.9797980 0.9797980 
0.9797980 0.9797980 0.9797980 0.9797980 0.9797980 0.9797980 0.9797980 0.9797980 0.9797980 0.9797980 0.9797980 0.9797980 0.9797980 0.9797980 0.9797980 0.9797980 0.9797980 0.9797980 0.9797980 0.9797980 0.9797980 0.9797980 0.9797980 0.9797980 0.9797980 0.9797980 0.9797980 0.9797980 0.9797980 0.9797980 0.9797980 0.9797980 0.9797980 0.9797980 0.9797980 0.9797980 0.9797980 0.9797980 0.9797980 0.9797980 0.9797980 0.9797980 0.9797980 0.9797980 0.9797980 0.9797980 0.9797980 0.9797980 0.9797980 0.9797980 0.9797980 0.9797980 0.9797980 0.9797980 0.9797980 0.9797980 0.9797980 0.9797980 0.9797980 0.9797980 0.9797980 0.9797980 0.9797980 0.9797980 0.9797980 0.9797980 0.9797980 0.9797980 0.9797980 0.9797980 0.9797980 0.9797980 0.9797980 0.9797980 0.9797980 0.9797980 0.9797980 0.9797980 0.9797980 0.9797980 0.9797980 0.9797980 0.9797980 0.9797980 0.9797980 0.9797980 0.9797980 0.9797980 0.9797980 0.9797980 0.9797980 0.9797980 0.9797980 0.9797980 0.9797980 0.9797980 0.9797980 0.9797980 0.9797980 0.9797980 0.9797980 0.9797980 
0.9797980 0.9797980 0.9797980 0.9797980 0.9797980 0.9797980 0.9797980 0.9797980 0.9797980 0.9797980 0.9797980 0.9797980 0.9797980 0.9797980 0.9797980 0.9797980 0.9797980 0.9797980 0.9797980 0.9797980 0.9797980 0.9797980 0.9797980 0.9797980 0.9797980 0.9797980 0.9797980 0.9797980 0.9797980 0.9797980 0.9797980 0.9797980 0.9797980 0.9797980 0.9797980 0.9797980 0.9797980 0.9797980 0.9797980 0.9797980 0.9797980 0.9797980 0.9797980 0.9797980 0.9797980 0.9797980 0.9797980 0.9797980 0.9797980 0.9797980 0.9797980 0.9797980 0.9797980 0.9797980 0.9797980 0.9797980 0.9797980 0.9797980 0.9797980 0.9797980 0.9797980 0.9797980 0.9797980 0.9797980 0.9797980 0.9797980 0.9797980 0.9797980 0.9797980 0.9797980 0.9797980 0.9797980 0.9797980 0.9797980 0.9797980 0.9797980 0.9797980 0.9797980 0.9797980 0.9797980 0.9797980 0.9797980 0.9797980 0.9797980 0.9797980 0.9797980 0.9797980 0.9797980 0.9797980 0.9797980 0.9797980 0.9797980 0.9797980 0.9797980 0.9797980 0.9797980 0.9797980 0.9797980 0.9797980 0.9797980 0.9797980 
0.9797980 0.9797980 0.9797980 0.9797980 0.9797980 0.9797980 0.9797980 0.9797980 0.9797980 0.9797980 0.9797980 0.9797980 0.9797980 0.9797980 0.9797980 0.9797980 0.9797980 0.9797980 0.9797980 0.9797980 0.9797980 0.9797980 0.9797980 0.9797980 0.9797980 0.9797980 0.9797980 0.9797980 0.9797980 0.9797980 0.9797980 0.9797980 0.9797980 0.9797980 0.9797980 0.9797980 0.9797980 0.9797980 0.9797980 0.9797980 0.9797980 0.9797980 0.9797980 0.9797980 0.9797980 0.9797980 0.9797980 0.9797980 0.9797980 0.9797980 0.9797980 0.9797980 0.9797980 0.9797980 0.9797980 0.9797980 0.9797980 0.9797980 0.9797980 0.9797980 0.9797980 0.9797980 0.9797980 0.9797980 0.9797980 0.9797980 0.9797980 0.9797980 0.9797980 0.9797980 0.9797980 0.9797980 0.9797980 0.9797980 0.9797980 0.9797980 0.9797980 0.9797980 0.9797980 0.9797980 0.9797980 0.9797980 0.9797980 0.9797980 0.9797980 0.9797980 0.9797980 0.9797980 0.9797980 0.9797980 0.9797980 0.9797980 0.9797980 0.9797980 0.9797980 0.9797980 0.9797980 0.9797980 0.9797980 0.9797980 
0.9797980 0.9797980 0.9797980 0.9797980 0.9797980 0.9797980 0.9797980 0.9797980 0.9797980 0.9797980 0.9797980 0.9797980 0.9797980 0.9797980 0.9797980 0.9797980 0.9797980 0.9797980 0.9797980 0.9797980 0.9797980 0.9797980 0.9797980 0.9797980 0.9797980 0.9797980 0.9797980 0.9797980 0.9797980 0.9797980 0.9797980 0.9797980 0.9797980 0.9797980 0.9797980 0.9797980 0.9797980 0.9797980 0.9797980 0.9797980 0.9797980 0.9797980 0.9797980 0.9797980 0.9797980 0.9797980 0.9797980 0.9797980 0.9797980 0.9797980 0.9797980 0.9797980 0.9797980 0.9797980 0.9797980 0.9797980 0.9797980 0.9797980 0.9797980 0.9797980 0.9797980 0.9797980 0.9797980 0.9797980 0.9797980 0.9797980 0.9797980 0.9797980 0.9797980 0.9797980 0.9797980 0.9797980 0.9797980 0.9797980 0.9797980 0.9797980 0.9797980 0.9797980 0.9797980 0.9797980 0.9797980 0.9797980 0.9797980 0.9797980 0.9797980 0.9797980 0.9797980 0.9797980 0.9797980 0.9797980 0.9797980 0.9797980 0.9797980 0.9797980 0.9797980 0.9797980 0.9797980 0.9797980 0.9797980 
0.9797980 0.9797980 0.9797980 0.9797980 0.9797980 0.9797980 0.9797980 0.9797980 0.9797980 0.9797980 0.9797980 0.9797980 0.9797980 0.9797980 0.9797980 0.9797980 0.9797980 0.9797980 0.9797980 0.9797980 0.9797980 0.9797980 0.9797980 0.9797980 0.9797980 0.9797980 0.9797980 0.9797980 0.9797980 0.9797980 0.9797980 0.9797980 0.9797980 0.9797980 0.9797980 0.9797980 0.9797980 0.9797980 0.9797980 0.9797980 0.9797980 0.9797980 0.9797980 0.9797980 0.9797980 0.9797980 0.9797980 0.9797980 0.9797980 0.9797980 0.9797980 0.9797980 0.9797980 0.9797980 0.9797980 0.9797980 0.9797980 0.9797980 0.9797980 0.9797980 0.9797980 0.9797980 0.9797980 0.9797980 0.9797980 0.9797980 0.9797980 0.9797980 0.9797980 0.9797980 0.9797980 0.9797980 0.9797980 0.9797980 0.9797980 0.9797980 0.9797980 0.9797980 0.9797980 0.9797980 0.9797980 0.9797980 0.9797980 0.9797980 0.9797980 0.9797980 0.9797980 0.9797980 0.9797980 0.9797980 0.9797980 0.9797980 0.9797980 0.9797980 0.9797980 0.9797980 0.9797980 0.9797980 
0.9797980 0.9797980 0.9797980 0.9797980 0.9797980 0.9797980 0.9797980 0.9797980 0.9797980 0.9797980 0.9797980 0.9797980 0.9797980 0.9797980 0.9797980 0.9797980 0.9797980 0.9797980 0.9797980 0.9797980 0.9797980 0.9797980 0.9797980 0.9797980 0.9797980 0.9797980 0.9797980 0.9797980 0.9797980 0.9797980 0.9797980 0.9797980 0.9797980 0.9797980 0.9797980 0.9797980 0.9797980 0.9797980 0.9797980 0.9797980 0.9797980 0.9797980 0.9797980 0.9797980 0.9797980 0.9797980 0.9797980 0.9797980 0.9797980 0.9797980 0.9797980 0.9797980 0.9797980 0.9797980 0.9797980 0.9797980 0.9797980 0.9797980 0.9797980 0.9797980 0.9797980 0.9797980 0.9797980 0.9797980 0.9797980 0.9797980 0.9797980 0.9797980 0.9797980 0.9797980 0.9797980 0.9797980 0.9797980 0.9797980 0.9797980 0.9797980 0.9797980 0.9797980 0.9797980 0.9797980 0.9797980 0.9797980 0.9797980 0.9797980 0.9797980 0.9797980 0.9797980 0.9797980 0.9797980 0.9797980 0.9797980 0.9797980 0.9797980 0.9797980 0.9797980 0.9797980 0.9797980 
0.9797980 0.9797980 0.9797980 0.9797980 0.9797980 0.9797980 0.9797980 0.9797980 0.9797980 0.9797980 0.9797980 0.9797980 0.9797980 0.9797980 0.9797980 0.9797980 0.9797980 0.9797980 0.9797980 0.9797980 0.9797980 0.9797980 0.9797980 0.9797980 0.9797980 0.9797980 0.9797980 0.9797980 0.9797980 0.9797980 0.9797980 0.9797980 0.9797980 0.9797980 0.9797980 0.9797980 0.9797980 0.9797980 0.9797980 0.9797980 0.9797980 0.9797980 0.9797980 0.9797980 0.9797980 0.9797980 0.9797980 0.9797980 0.9797980 0.9797980 0.9797980 0.9797980 0.9797980 0.9797980 0.9797980 0.9797980 0.9797980 0.9797980 0.9797980 0.9797980 0.9797980 0.9797980 0.9797980 0.9797980 0.9797980 0.9797980 0.9797980 0.9797980 0.9797980 0.9797980 0.9797980 0.9797980 0.9797980 0.9797980 0.9797980 0.9797980 0.9797980 0.9797980 0.9797980 0.9797980 0.9797980 0.9797980 0.9797980 0.9797980 0.9797980 0.9797980 0.9797980 0.9797980 0.9797980 0.9797980 0.9797980 0.9797980 0.9797980 0.9797980 0.9797980 0.9797980 
0.9797980 0.9797980 0.9797980 0.9797980 0.9797980 0.9797980 0.9797980 0.9797980 0.9797980 0.9797980 0.9797980 0.9797980 0.9797980 0.9797980 0.9797980 0.9797980 0.9797980 0.9797980 0.9797980 0.9797980 0.9797980 0.9797980 0.9797980 0.9797980 0.9797980 0.9797980 0.9797980 0.9797980 0.9797980 0.9797980 0.9797980 0.9797980 0.9797980 0.9797980 0.9797980 0.9797980 0.9797980 0.9797980 0.9797980 0.9797980 0.9797980 0.9797980 0.9797980 0.9797980 0.9797980 0.9797980 0.9797980 0.9797980 0.9797980 0.9797980 0.9797980 0.9797980 0.9797980 0.9797980 0.9797980 0.9797980 0.9797980 0.9797980 0.9797980 0.9797980 0.9797980 0.9797980 0.9797980 0.9797980 0.9797980 0.9797980 0.9797980 0.9797980 0.9797980 0.9797980 0.9797980 0.9797980 0.9797980 0.9797980 0.9797980 0.9797980 0.9797980 0.9797980 0.9797980 0.9797980 0.9797980 0.9797980 0.9797980 0.9797980 0.9797980 0.9797980 0.9797980 0.9797980 0.9797980 0.9797980 0.9797980 0.9797980 0.9797980 0.9797980 0.9797980 
0.9797980 0.9797980 0.9797980 0.9797980 0.9797980 0.9797980 0.9797980 0.9797980 0.9797980 0.9797980 0.9797980 0.9797980 0.9797980 0.9797980 0.9797980 0.9797980 0.9797980 0.9797980 0.9797980 0.9797980 0.9797980 0.9797980 0.9797980 0.9797980 0.9797980 0.9797980 0.9797980 0.9797980 0.9797980 0.9797980 0.9797980 0.9797980 0.9797980 0.9797980 0.9797980 0.9797980 0.9797980 0.9797980 0.9797980 0.9797980 0.9797980 0.9797980 0.9797980 0.9797980 0.9797980 0.9797980 0.9797980 0.9797980 0.9797980 0.9797980 0.9797980 0.9797980 0.9797980 0.9797980 0.9797980 0.9797980 0.9797980 0.9797980 0.9797980 0.9797980 0.9797980 0.9797980 0.9797980 0.9797980 0.9797980 0.9797980 0.9797980 0.9797980 0.9797980 0.9797980 0.9797980 0.9797980 0.9797980 0.9797980 0.9797980 0.9797980 0.9797980 0.9797980 0.9797980 0.9797980 0.9797980 0.9797980 0.9797980 0.9797980 0.9797980 0.9797980 0.9797980 0.9797980 0.9797980 0.9797980 0.9797980 0.9797980 0.9797980 0.9797980 
0.9797980 0.9797980 0.9797980 0.9797980 0.9797980 0.9797980 0.9797980 0.9797980 0.9797980 0.9797980 0.9797980 0.9797980 0.9797980 0.9797980 0.9797980 0.9797980 0.9797980 0.9797980 0.9797980 0.9797980 0.9797980 0.9797980 0.9797980 0.9797980 0.9797980 0.9797980 0.9797980 0.9797980 0.9797980 0.9797980 0.9797980 0.9797980 0.9797980 0.9797980 0.9797980 0.9797980 0.9797980 0.9797980 0.9797980 0.9797980 0.9797980 0.9797980 0.9797980 0.9797980 0.9797980 0.9797980 0.9797980 0.9797980 0.9797980 0.9797980 0.9797980 0.9797980 0.9797980 0.9797980 0.9797980 0.9797980 0.9797980 0.9797980 0.9797980 0.9797980 0.9797980 0.9797980 0.9797980 0.9797980 0.9797980 0.9797980 0.9797980 0.9797980 0.9797980 0.9797980 0.9797980 0.9797980 0.9797980 0.9797980 0.9797980 0.9797980 0.9797980 0.9797980 0.9797980 0.9797980 0.9797980 0.9797980 0.9797980 0.9797980 0.9797980 0.9797980 0.9797980 0.9797980 0.9797980 0.9797980 0.9797980 0.9797980 0.9797980 
0.9797980 0.9797980 0.9797980 0.9797980 0.9797980 0.9797980 0.9797980 0.9797980 0.9797980 0.9797980 0.9797980 0.9797980 0.9797980 0.9797980 0.9797980 0.9797980 0.9797980 0.9797980 0.9797980 0.9797980 0.9797980 0.9797980 0.9797980 0.9797980 0.9797980 0.9797980 0.9797980 0.9797980 0.9797980 0.9797980 0.9797980 0.9797980 0.9797980 0.9797980 0.9797980 0.9797980 0.9797980 0.9797980 0.9797980 0.9797980 0.9797980 0.9797980 0.9797980 0.9797980 0.9797980 0.9797980 0.9797980 0.9797980 0.9797980 0.9797980 0.9797980 0.9797980 0.9797980 0.9797980 0.9797980 0.9797980 0.9797980 0.9797980 0.9797980 0.9797980 0.9797980 0.9797980 0.9797980 0.9797980 0.9797980 0.9797980 0.9797980 0.9797980 0.9797980 0.9797980 0.9797980 0.9797980 0.9797980 0.9797980 0.9797980 0.9797980 0.9797980 0.9797980 0.9797980 0.9797980 0.9797980 0.9797980 0.9797980 0.9797980 0.9797980 0.9797980 0.9797980 0.9797980 0.9797980 0.9797980 0.9797980 0.9797980 
0.9797980 0.9797980 0.9797980 0.9797980 0.9797980 0.9797980 0.9797980 0.9797980 0.9797980 0.9797980 0.9797980 0.9797980 0.9797980 0.9797980 0.9797980 0.9797980 0.9797980 0.9797980 0.9797980 0.9797980 0.9797980 0.9797980 0.9797980 0.9797980 0.9797980 0.9797980 0.9797980 0.9797980 0.9797980 0.9797980 0.9797980 0.9797980 0.9797980 0.9797980 0.9797980 0.9797980 0.9797980 0.9797980 0.9797980 0.9797980 0.9797980 0.9797980 0.9797980 0.9797980 0.9797980 0.9797980 0.9797980 0.9797980 0.9797980 0.9797980 0.9797980 0.9797980 0.9797980 0.9797980 0.9797980 0.9797980 0.9797980 0.9797980 0.9797980 0.9797980 0.9797980 0.9797980 0.9797980 0.9797980 0.9797980 0.9797980 0.9797980 0.9797980 0.9797980 0.9797980 0.9797980 0.9797980 0.9797980 0.9797980 0.9797980 0.9797980 0.9797980 0.9797980 0.9797980 0.9797980 0.9797980 0.9797980 0.9797980 0.9797980 0.9797980 0.9797980 0.9797980 0.9797980 0.9797980 0.9797980 0.9797980 
0.9797980 0.9797980 0.9797980 0.9797980 0.9797980 0.9797980 0.9797980 0.9797980 0.9797980 0.9797980 0.9797980 0.9797980 0.9797980 0.9797980 0.9797980 0.9797980 0.9797980 0.9797980 0.9797980 0.9797980 0.9797980 0.9797980 0.9797980 0.9797980 0.9797980 0.9797980 0.9797980 0.9797980 0.9797980 0.9797980 0.9797980 0.9797980 0.9797980 0.9797980 0.9797980 0.9797980 0.9797980 0.9797980 0.9797980 0.9797980 0.9797980 0.9797980 0.9797980 0.9797980 0.9797980 0.9797980 0.9797980 0.9797980 0.9797980 0.9797980 0.9797980 0.9797980 0.9797980 0.9797980 0.9797980 0.9797980 0.9797980 0.9797980 0.9797980 0.9797980 0.9797980 0.9797980 0.9797980 0.9797980 0.9797980 0.9797980 0.9797980 0.9797980 0.9797980 0.9797980 0.9797980 0.9797980 0.9797980 0.9797980 0.9797980 0.9797980 0.9797980 0.9797980 0.9797980 0.9797980 0.9797980 0.9797980 0.9797980 0.9797980 0.9797980 0.9797980 0.9797980 0.9797980 0.9797980 0.9797980 
0.9797980 0.9797980 0.9797980 0.9797980 0.9797980 0.9797980 0.9797980 0.9797980 0.9797980 0.9797980 0.9797980 0.9797980 0.9797980 0.9797980 0.9797980 0.9797980 0.9797980 0.9797980 0.9797980 0.9797980 0.9797980 0.9797980 0.9797980 0.9797980 0.9797980 0.9797980 0.9797980 0.9797980 0.9797980 0.9797980 0.9797980 0.9797980 0.9797980 0.9797980 0.9797980 0.9797980 0.9797980 0.9797980 0.9797980 0.9797980 0.9797980 0.9797980 0.9797980 0.9797980 0.9797980 0.9797980 0.9797980 0.9797980 0.9797980 0.9797980 0.9797980 0.9797980 0.9797980 0.9797980 0.9797980 0.9797980 0.9797980 0.9797980 0.9797980 0.9797980 0.9797980 0.9797980 0.9797980 0.9797980 0.9797980 0.9797980 0.9797980 0.9797980 0.9797980 0.9797980 0.9797980 0.9797980 0.9797980 0.9797980 0.9797980 0.9797980 0.9797980 0.9797980 0.9797980 0.9797980 0.9797980 0.9797980 0.9797980 0.9797980 0.9797980 0.9797980 0.9797980 0.9797980 0.9797980 
0.9797980 0.9797980 0.9797980 0.9797980 0.9797980 0.9797980 0.9797980 0.9797980 0.9797980 0.9797980 0.9797980 0.9797980 0.9797980 0.9797980 0.9797980 0.9797980 0.9797980 0.9797980 0.9797980 0.9797980 0.9797980 0.9797980 0.9797980 0.9797980 0.9797980 0.9797980 0.9797980 0.9797980 0.9797980 0.9797980 0.9797980 0.9797980 0.9797980 0.9797980 0.9797980 0.9797980 0.9797980 0.9797980 0.9797980 0.9797980 0.9797980 0.9797980 0.9797980 0.9797980 0.9797980 0.9797980 0.9797980 0.9797980 0.9797980 0.9797980 0.9797980 0.9797980 0.9797980 0.9797980 0.9797980 0.9797980 0.9797980 0.9797980 0.9797980 0.9797980 0.9797980 0.9797980 0.9797980 0.9797980 0.9797980 0.9797980 0.9797980 0.9797980 0.9797980 0.9797980 0.9797980 0.9797980 0.9797980 0.9797980 0.9797980 0.9797980 0.9797980 0.9797980 0.9797980 0.9797980 0.9797980 0.9797980 0.9797980 0.9797980 0.9797980 0.9797980 0.9797980 0.9797980 
0.9797980 0.9797980 0.9797980 0.9797980 0.9797980 0.9797980 0.9797980 0.9797980 0.9797980 0.9797980 0.9797980 0.9797980 0.9797980 0.9797980 0.9797980 0.9797980 0.9797980 0.9797980 0.9797980 0.9797980 0.9797980 0.9797980 0.9797980 0.9797980 0.9797980 0.9797980 0.9797980 0.9797980 0.9797980 0.9797980 0.9797980 0.9797980 0.9797980 0.9797980 0.9797980 0.9797980 0.9797980 0.9797980 0.9797980 0.9797980 0.9797980 0.9797980 0.9797980 0.9797980 0.9797980 0.9797980 0.9797980 0.9797980 0.9797980 0.9797980 0.9797980 0.9797980 0.9797980 0.9797980 0.9797980 0.9797980 0.9797980 0.9797980 0.9797980 0.9797980 0.9797980 0.9797980 0.9797980 0.9797980 0.9797980 0.9797980 0.9797980 0.9797980 0.9797980 0.9797980 0.9797980 0.9797980 0.9797980 0.9797980 0.9797980 0.9797980 0.9797980 0.9797980 0.9797980 0.9797980 0.9797980 0.9797980 0.9797980 0.9797980 0.9797980 0.9797980 0.9797980 
0.9797980 0.9797980 0.9797980 0.9797980 0.9797980 0.9797980 0.9797980 0.9797980 0.9797980 0.9797980 0.9797980 0.9797980 0.9797980 0.9797980 0.9797980 0.9797980 0.9797980 0.9797980 0.9797980 0.9797980 0.9797980 0.9797980 0.9797980 0.9797980 0.9797980 0.9797980 0.9797980 0.9797980 0.9797980 0.9797980 0.9797980 0.9797980 0.9797980 0.9797980 0.9797980 0.9797980 0.9797980 0.9797980 0.9797980 0.9797980 0.9797980 0.9797980 0.9797980 0.9797980 0.9797980 0.9797980 0.9797980 0.9797980 0.9797980 0.9797980 0.9797980 0.9797980 0.9797980 0.9797980 0.9797980 0.9797980 0.9797980 0.9797980 0.9797980 0.9797980 0.9797980 0.9797980 0.9797980 0.9797980 0.9797980 0.9797980 0.9797980 0.9797980 0.9797980 0.9797980 0.9797980 0.9797980 0.9797980 0.9797980 0.9797980 0.9797980 0.9797980 0.9797980 0.9797980 0.9797980 0.9797980 0.9797980 0.9797980 0.9797980 0.9797980 0.9797980 
0.9797980 0.9797980 0.9797980 0.9797980 0.9797980 0.9797980 0.9797980 0.9797980 0.9797980 0.9797980 0.9797980 0.9797980 0.9797980 0.9797980 0.9797980 0.9797980 0.9797980 0.9797980 0.9797980 0.9797980 0.9797980 0.9797980 0.9797980 0.9797980 0.9797980 0.9797980 0.9797980 0.9797980 0.9797980 0.9797980 0.9797980 0.9797980 0.9797980 0.9797980 0.9797980 0.9797980 0.9797980 0.9797980 0.9797980 0.9797980 0.9797980 0.9797980 0.9797980 0.9797980 0.9797980 0.9797980 0.9797980 0.9797980 0.9797980 0.9797980 0.9797980 0.9797980 0.9797980 0.9797980 0.9797980 0.9797980 0.9797980 0.9797980 0.9797980 0.9797980 0.9797980 0.9797980 0.9797980 0.9797980 0.9797980 0.9797980 0.9797980 0.9797980 0.9797980 0.9797980 0.9797980 0.9797980 0.9797980 0.9797980 0.9797980 0.9797980 0.9797980 0.9797980 0.9797980 0.9797980 0.9797980 0.9797980 0.9797980 0.9797980 0.9797980 
0.9797980 0.9797980 0.9797980 0.9797980 0.9797980 0.9797980 0.9797980 0.9797980 0.9797980 0.9797980 0.9797980 0.9797980 0.9797980 0.9797980 0.9797980 0.9797980 0.9797980 0.9797980 0.9797980 0.9797980 0.9797980 0.9797980 0.9797980 0.9797980 0.9797980 0.9797980 0.9797980 0.9797980 0.9797980 0.9797980 0.9797980 0.9797980 0.9797980 0.9797980 0.9797980 0.9797980 0.9797980 0.9797980 0.9797980 0.9797980 0.9797980 0.9797980 0.9797980 0.9797980 0.9797980 0.9797980 0.9797980 0.9797980 0.9797980 0.9797980 0.9797980 0.9797980 0.9797980 0.9797980 0.9797980 0.9797980 0.9797980 0.9797980 0.9797980 0.9797980 0.9797980 0.9797980 0.9797980 0.9797980 0.9797980 0.9797980 0.9797980 0.9797980 0.9797980 0.9797980 0.9797980 0.9797980 0.9797980 0.9797980 0.9797980 0.9797980 0.9797980 0.9797980 0.9797980 0.9797980 0.9797980 0.9797980 0.9797980 0.9797980 
0.9797980 0.9797980 0.9797980 0.9797980 0.9797980 0.9797980 0.9797980 0.9797980 0.9797980 0.9797980 0.9797980 0.9797980 0.9797980 0.9797980 0.9797980 0.9797980 0.9797980 0.9797980 0.9797980 0.9797980 0.9797980 0.9797980 0.9797980 0.9797980 0.9797980 0.9797980 0.9797980 0.9797980 0.9797980 0.9797980 0.9797980 0.9797980 0.9797980 0.9797980 0.9797980 0.9797980 0.9797980 0.9797980 0.9797980 0.9797980 0.9797980 0.9797980 0.9797980 0.9797980 0.9797980 0.9797980 0.9797980 0.9797980 0.9797980 0.9797980 0.9797980 0.9797980 0.9797980 0.9797980 0.9797980 0.9797980 0.9797980 0.9797980 0.9797980 0.9797980 0.9797980 0.9797980 0.9797980 0.9797980 0.9797980 0.9797980 0.9797980 0.9797980 0.9797980 0.9797980 0.9797980 0.9797980 0.9797980 0.9797980 0.9797980 0.9797980 0.9797980 0.9797980 0.9797980 0.9797980 0.9797980 0.9797980 0.9797980 
0.9797980 0.9797980 0.9797980 0.9797980 0.9797980 0.9797980 0.9797980 0.9797980 0.9797980 0.9797980 0.9797980 0.9797980 0.9797980 0.9797980 0.9797980 0.9797980 0.9797980 0.9797980 0.9797980 0.9797980 0.9797980 0.9797980 0.9797980 0.9797980 0.9797980 0.9797980 0.9797980 0.9797980 0.9797980 0.9797980 0.9797980 0.9797980 0.9797980 0.9797980 0.9797980 0.9797980 0.9797980 0.9797980 0.9797980 0.9797980 0.9797980 0.9797980 0.9797980 0.9797980 0.9797980 0.9797980 0.9797980 0.9797980 0.9797980 0.9797980 0.9797980 0.9797980 0.9797980 0.9797980 0.9797980 0.9797980 0.9797980 0.9797980 0.9797980 0.9797980 0.9797980 0.9797980 0.9797980 0.9797980 0.9797980 0.9797980 0.9797980 0.9797980 0.9797980 0.9797980 0.9797980 0.9797980 0.9797980 0.9797980 0.9797980 0.9797980 0.9797980 0.9797980 0.9797980 0.9797980 0.9797980 0.9797980 
0.9797980 0.9797980 0.9797980 0.9797980 0.9797980 0.9797980 0.9797980 0.9797980 0.9797980 0.9797980 0.9797980 0.9797980 0.9797980 0.9797980 0.9797980 0.9797980 0.9797980 0.9797980 0.9797980 0.9797980 0.9797980 0.9797980 0.9797980 0.9797980 0.9797980 0.9797980 0.9797980 0.9797980 0.9797980 0.9797980 0.9797980 0.9797980 0.9797980 0.9797980 0.9797980 0.9797980 0.9797980 0.9797980 0.9797980 0.9797980 0.9797980 0.9797980 0.9797980 0.9797980 0.9797980 0.9797980 0.9797980 0.9797980 0.9797980 0.9797980 0.9797980 0.9797980 0.9797980 0.9797980 0.9797980 0.9797980 0.9797980 0.9797980 0.9797980 0.9797980 0.9797980 0.9797980 0.9797980 0.9797980 0.9797980 0.9797980 0.9797980 0.9797980 0.9797980 0.9797980 0.9797980 0.9797980 0.9797980 0.9797980 0.9797980 0.9797980 0.9797980 0.9797980 0.9797980 0.9797980 0.9797980 
0.9797980 0.9797980 0.9797980 0.9797980 0.9797980 0.9797980 0.9797980 0.9797980 0.9797980 0.9797980 0.9797980 0.9797980 0.9797980 0.9797980 0.9797980 0.9797980 0.9797980 0.9797980 0.9797980 0.9797980 0.9797980 0.9797980 0.9797980 0.9797980 0.9797980 0.9797980 0.9797980 0.9797980 0.9797980 0.9797980 0.9797980 0.9797980 0.9797980 0.9797980 0.9797980 0.9797980 0.9797980 0.9797980 0.9797980 0.9797980 0.9797980 0.9797980 0.9797980 0.9797980 0.9797980 0.9797980 0.9797980 0.9797980 0.9797980 0.9797980 0.9797980 0.9797980 0.9797980 0.9797980 0.9797980 0.9797980 0.9797980 0.9797980 0.9797980 0.9797980 0.9797980 0.9797980 0.9797980 0.9797980 0.9797980 0.9797980 0.9797980 0.9797980 0.9797980 0.9797980 0.9797980 0.9797980 0.9797980 0.9797980 0.9797980 0.9797980 0.9797980 0.9797980 0.9797980 0.9797980 
0.9797980 0.9797980 0.9797980 0.9797980 0.9797980 0.9797980 0.9797980 0.9797980 0.9797980 0.9797980 0.9797980 0.9797980 0.9797980 0.9797980 0.9797980 0.9797980 0.9797980 0.9797980 0.9797980 0.9797980 0.9797980 0.9797980 0.9797980 0.9797980 0.9797980 0.9797980 0.9797980 0.9797980 0.9797980 0.9797980 0.9797980 0.9797980 0.9797980 0.9797980 0.9797980 0.9797980 0.9797980 0.9797980 0.9797980 0.9797980 0.9797980 0.9797980 0.9797980 0.9797980 0.9797980 0.9797980 0.9797980 0.9797980 0.9797980 0.9797980 0.9797980 0.9797980 0.9797980 0.9797980 0.9797980 0.9797980 0.9797980 0.9797980 0.9797980 0.9797980 0.9797980 0.9797980 0.9797980 0.9797980 0.9797980 0.9797980 0.9797980 0.9797980 0.9797980 0.9797980 0.9797980 0.9797980 0.9797980 0.9797980 0.9797980 0.9797980 0.9797980 0.9797980 0.9797980 
0.9797980 0.9797980 0.9797980 0.9797980 0.9797980 0.9797980 0.9797980 0.9797980 0.9797980 0.9797980 0.9797980 0.9797980 0.9797980 0.9797980 0.9797980 0.9797980 0.9797980 0.9797980 0.9797980 0.9797980 0.9797980 0.9797980 0.9797980 0.9797980 0.9797980 0.9797980 0.9797980 0.9797980 0.9797980 0.9797980 0.9797980 0.9797980 0.9797980 0.9797980 0.9797980 0.9797980 0.9797980 0.9797980 0.9797980 0.9797980 0.9797980 0.9797980 0.9797980 0.9797980 0.9797980 0.9797980 0.9797980 0.9797980 0.9797980 0.9797980 0.9797980 0.9797980 0.9797980 0.9797980 0.9797980 0.9797980 0.9797980 0.9797980 0.9797980 0.9797980 0.9797980 0.9797980 0.9797980 0.9797980 0.9797980 0.9797980 0.9797980 0.9797980 0.9797980 0.9797980 0.9797980 0.9797980 0.9797980 0.9797980 0.9797980 0.9797980 0.9797980 0.9797980 
0.9797980 0.9797980 0.9797980 0.9797980 0.9797980 0.9797980 0.9797980 0.9797980 0.9797980 0.9797980 0.9797980 0.9797980 0.9797980 0.9797980 0.9797980 0.9797980 0.9797980 0.9797980 0.9797980 0.9797980 0.9797980 0.9797980 0.9797980 0.9797980 0.9797980 0.9797980 0.9797980 0.9797980 0.9797980 0.9797980 0.9797980 0.9797980 0.9797980 0.9797980 0.9797980 0.9797980 0.9797980 0.9797980 0.9797980 0.9797980 0.9797980 0.9797980 0.9797980 0.9797980 0.9797980 0.9797980 0.9797980 0.9797980 0.9797980 0.9797980 0.9797980 0.9797980 0.9797980 0.9797980 0.9797980 0.9797980 0.9797980 0.9797980 0.9797980 0.9797980 0.9797980 0.9797980 0.9797980 0.9797980 0.9797980 0.9797980 0.9797980 0.9797980 0.9797980 0.9797980 0.9797980 0.9797980 0.9797980 0.9797980 0.9797980 0.9797980 0.9797980 
0.9797980 0.9797980 0.9797980 0.9797980 0.9797980 0.9797980 0.9797980 0.9797980 0.9797980 0.9797980 0.9797980 0.9797980 0.9797980 0.9797980 0.9797980 0.9797980 0.9797980 0.9797980 0.9797980 0.9797980 0.9797980 0.9797980 0.9797980 0.9797980 0.9797980 0.9797980 0.9797980 0.9797980 0.9797980 0.9797980 0.9797980 0.9797980 0.9797980 0.9797980 0.9797980 0.9797980 0.9797980 0.9797980 0.9797980 0.9797980 0.9797980 0.9797980 0.9797980 0.9797980 0.9797980 0.9797980 0.9797980 0.9797980 0.9797980 0.9797980 0.9797980 0.9797980 0.9797980 0.9797980 0.9797980 0.9797980 0.9797980 0.9797980 0.9797980 0.9797980 0.9797980 0.9797980 0.9797980 0.9797980 0.9797980 0.9797980 0.9797980 0.9797980 0.9797980 0.9797980 0.9797980 0.9797980 0.9797980 0.9797980 0.9797980 0.9797980 
0.9797980 0.9797980 0.9797980 0.9797980 0.9797980 0.9797980 0.9797980 0.9797980 0.9797980 0.9797980 0.9797980 0.9797980 0.9797980 0.9797980 0.9797980 0.9797980 0.9797980 0.9797980 0.9797980 0.9797980 0.9797980 0.9797980 0.9797980 0.9797980 0.9797980 0.9797980 0.9797980 0.9797980 0.9797980 0.9797980 0.9797980 0.9797980 0.9797980 0.9797980 0.9797980 0.9797980 0.9797980 0.9797980 0.9797980 0.9797980 0.9797980 0.9797980 0.9797980 0.9797980 0.9797980 0.9797980 0.9797980 0.9797980 0.9797980 0.9797980 0.9797980 0.9797980 0.9797980 0.9797980 0.9797980 0.9797980 0.9797980 0.9797980 0.9797980 0.9797980 0.9797980 0.9797980 0.9797980 0.9797980 0.9797980 0.9797980 0.9797980 0.9797980 0.9797980 0.9797980 0.9797980 0.9797980 0.9797980 0.9797980 0.9797980 
0.9797980 0.9797980 0.9797980 0.9797980 0.9797980 0.9797980 0.9797980 0.9797980 0.9797980 0.9797980 0.9797980 0.9797980 0.9797980 0.9797980 0.9797980 0.9797980 0.9797980 0.9797980 0.9797980 0.9797980 0.9797980 0.9797980 0.9797980 0.9797980 0.9797980 0.9797980 0.9797980 0.9797980 0.9797980 0.9797980 0.9797980 0.9797980 0.9797980 0.9797980 0.9797980 0.9797980 0.9797980 0.9797980 0.9797980 0.9797980 0.9797980 0.9797980 0.9797980 0.9797980 0.9797980 0.9797980 0.9797980 0.9797980 0.9797980 0.9797980 0.9797980 0.9797980 0.9797980 0.9797980 0.9797980 0.9797980 0.9797980 0.9797980 0.9797980 0.9797980 0.9797980 0.9797980 0.9797980 0.9797980 0.9797980 0.9797980 0.9797980 0.9797980 0.9797980 0.9797980 0.9797980 0.9797980 0.9797980 0.9797980 
0.9797980 0.9797980 0.9797980 0.9797980 0.9797980 0.9797980 0.9797980 0.9797980 0.9797980 0.9797980 0.9797980 0.9797980 0.9797980 0.9797980 0.9797980 0.9797980 0.9797980 0.9797980 0.9797980 0.9797980 0.9797980 0.9797980 0.9797980 0.9797980 0.9797980 0.9797980 0.9797980 0.9797980 0.9797980 0.9797980 0.9797980 0.9797980 0.9797980 0.9797980 0.9797980 0.9797980 0.9797980 0.9797980 0.9797980 0.9797980 0.9797980 0.9797980 0.9797980 0.9797980 0.9797980 0.9797980 0.9797980 0.9797980 0.9797980 0.9797980 0.9797980 0.9797980 0.9797980 0.9797980 0.9797980 0.9797980 0.9797980 0.9797980 0.9797980 0.9797980 0.9797980 0.9797980 0.9797980 0.9797980 0.9797980 0.9797980 0.9797980 0.9797980 0.9797980 0.9797980 0.9797980 0.9797980 0.9797980 
0.9797980 0.9797980 0.9797980 0.9797980 0.9797980 0.9797980 0.9797980 0.9797980 0.9797980 0.9797980 0.9797980 0.9797980 0.9797980 0.9797980 0.9797980 0.9797980 0.9797980 0.9797980 0.9797980 0.9797980 0.9797980 0.9797980 0.9797980 0.9797980 0.9797980 0.9797980 0.9797980 0.9797980 0.9797980 0.9797980 0.9797980 0.9797980 0.9797980 0.9797980 0.9797980 0.9797980 0.9797980 0.9797980 0.9797980 0.9797980 0.9797980 0.9797980 0.9797980 0.9797980 0.9797980 0.9797980 0.9797980 0.9797980 0.9797980 0.9797980 0.9797980 0.9797980 0.9797980 0.9797980 0.9797980 0.9797980 0.9797980 0.9797980 0.9797980 0.9797980 0.9797980 0.9797980 0.9797980 0.9797980 0.9797980 0.9797980 0.9797980 0.9797980 0.9797980 0.9797980 0.9797980 0.9797980 
0.9797980 0.9797980 0.9797980 0.9797980 0.9797980 0.9797980 0.9797980 0.9797980 0.9797980 0.9797980 0.9797980 0.9797980 0.9797980 0.9797980 0.9797980 0.9797980 0.9797980 0.9797980 0.9797980 0.9797980 0.9797980 0.9797980 0.9797980 0.9797980 0.9797980 0.9797980 0.9797980 0.9797980 0.9797980 0.9797980 0.9797980 0.9797980 0.9797980 0.9797980 0.9797980 0.9797980 0.9797980 0.9797980 0.9797980 0.9797980 0.9797980 0.9797980 0.9797980 0.9797980 0.9797980 0.9797980 0.9797980 0.9797980 0.9797980 0.9797980 0.9797980 0.9797980 0.9797980 0.9797980 0.9797980 0.9797980 0.9797980 0.9797980 0.9797980 0.9797980 0.9797980 0.9797980 0.9797980 0.9797980 0.9797980 0.9797980 0.9797980 0.9797980 0.9797980 0.9797980 0.9797980 
0.9797980 0.9797980 0.9797980 0.9797980 0.9797980 0.9797980 0.9797980 0.9797980 0.9797980 0.9797980 0.9797980 0.9797980 0.9797980 0.9797980 0.9797980 0.9797980 0.9797980 0.9797980 0.9797980 0.9797980 0.9797980 0.9797980 0.9797980 0.9797980 0.9797980 0.9797980 0.9797980 0.9797980 0.9797980 0.9797980 0.9797980 0.9797980 0.9797980 0.9797980 0.9797980 0.9797980 0.9797980 0.9797980 0.9797980 0.9797980 0.9797980 0.9797980 0.9797980 0.9797980 0.9797980 0.9797980 0.9797980 0.9797980 0.9797980 0.9797980 0.9797980 0.9797980 0.9797980 0.9797980 0.9797980 0.9797980 0.9797980 0.9797980 0.9797980 0.9797980 0.9797980 0.9797980 0.9797980 0.9797980 0.9797980 0.9797980 0.9797980 0.9797980 0.9797980 0.9797980 
0.9797980 0.9797980 0.9797980 0.9797980 0.9797980 0.9797980 0.9797980 0.9797980 0.9797980 0.9797980 0.9797980 0.9797980 0.9797980 0.9797980 0.9797980 0.9797980 0.9797980 0.9797980 0.9797980 0.9797980 0.9797980 0.9797980 0.9797980 0.9797980 0.9797980 0.9797980 0.9797980 0.9797980 0.9797980 0.9797980 0.9797980 0.9797980 0.9797980 0.9797980 0.9797980 0.9797980 0.9797980 0.9797980 0.9797980 0.9797980 0.9797980 0.9797980 0.9797980 0.9797980 0.9797980 0.9797980 0.9797980 0.9797980 0.9797980 0.9797980 0.9797980 0.9797980 0.9797980 0.9797980 0.9797980 0.9797980 0.9797980 0.9797980 0.9797980 0.9797980 0.9797980 0.9797980 0.9797980 0.9797980 0.9797980 0.9797980 0.9797980 0.9797980 0.9797980 
0.9797980 0.9797980 0.9797980 0.9797980 0.9797980 0.9797980 0.9797980 0.9797980 0.9797980 0.9797980 0.9797980 0.9797980 0.9797980 0.9797980 0.9797980 0.9797980 0.9797980 0.9797980 0.9797980 0.9797980 0.9797980 0.9797980 0.9797980 0.9797980 0.9797980 0.9797980 0.9797980 0.9797980 0.9797980 0.9797980 0.9797980 0.9797980 0.9797980 0.9797980 0.9797980 0.9797980 0.9797980 0.9797980 0.9797980 0.9797980 0.9797980 0.9797980 0.9797980 0.9797980 0.9797980 0.9797980 0.9797980 0.9797980 0.9797980 0.9797980 0.9797980 0.9797980 0.9797980 0.9797980 0.9797980 0.9797980 0.9797980 0.9797980 0.9797980 0.9797980 0.9797980 0.9797980 0.9797980 0.9797980 0.9797980 0.9797980 0.9797980 0.9797980 
0.9797980 0.9797980 0.9797980 0.9797980 0.9797980 0.9797980 0.9797980 0.9797980 0.9797980 0.9797980 0.9797980 0.9797980 0.9797980 0.9797980 0.9797980 0.9797980 0.9797980 0.9797980 0.9797980 0.9797980 0.9797980 0.9797980 0.9797980 0.9797980 0.9797980 0.9797980 0.9797980 0.9797980 0.9797980 0.9797980 0.9797980 0.9797980 0.9797980 0.9797980 0.9797980 0.9797980 0.9797980 0.9797980 0.9797980 0.9797980 0.9797980 0.9797980 0.9797980 0.9797980 0.9797980 0.9797980 0.9797980 0.9797980 0.9797980 0.9797980 0.9797980 0.9797980 0.9797980 0.9797980 0.9797980 0.9797980 0.9797980 0.9797980 0.9797980 0.9797980 0.9797980 0.9797980 0.9797980 0.9797980 0.9797980 0.9797980 0.9797980 
0.9797980 0.9797980 0.9797980 0.9797980 0.9797980 0.9797980 0.9797980 0.9797980 0.9797980 0.9797980 0.9797980 0.9797980 0.9797980 0.9797980 0.9797980 0.9797980 0.9797980 0.9797980 0.9797980 0.9797980 0.9797980 0.9797980 0.9797980 0.9797980 0.9797980 0.9797980 0.9797980 0.9797980 0.9797980 0.9797980 0.9797980 0.9797980 0.9797980 0.9797980 0.9797980 0.9797980 0.9797980 0.9797980 0.9797980 0.9797980 0.9797980 0.9797980 0.9797980 0.9797980 0.9797980 0.9797980 0.9797980 0.9797980 0.9797980 0.9797980 0.9797980 0.9797980 0.9797980 0.9797980 0.9797980 0.9797980 0.9797980 0.9797980 0.9797980 0.9797980 0.9797980 0.9797980 0.9797980 0.9797980 0.9797980 0.9797980 
0.9797980 0.9797980 0.9797980 0.9797980 0.9797980 0.9797980 0.9797980 0.9797980 0.9797980 0.9797980 0.9797980 0.9797980 0.9797980 0.9797980 0.9797980 0.9797980 0.9797980 0.9797980 0.9797980 0.9797980 0.9797980 0.9797980 0.9797980 0.9797980 0.9797980 0.9797980 0.9797980 0.9797980 0.9797980 0.9797980 0.9797980 0.9797980 0.9797980 0.9797980 0.9797980 0.9797980 0.9797980 0.9797980 0.9797980 0.9797980 0.9797980 0.9797980 0.9797980 0.9797980 0.9797980 0.9797980 0.9797980 0.9797980 0.9797980 0.9797980 0.9797980 0.9797980 0.9797980 0.9797980 0.9797980 0.9797980 0.9797980 0.9797980 0.9797980 0.9797980 0.9797980 0.9797980 0.9797980 0.9797980 0.9797980 
0.9797980 0.9797980 0.9797980 0.9797980 0.9797980 0.9797980 0.9797980 0.9797980 0.9797980 0.9797980 0.9797980 0.9797980 0.9797980 0.9797980 0.9797980 0.9797980 0.9797980 0.9797980 0.9797980 0.9797980 0.9797980 0.9797980 0.9797980 0.9797980 0.9797980 0.9797980 0.9797980 0.9797980 0.9797980 0.9797980 0.9797980 0.9797980 0.9797980 0.9797980 0.9797980 0.9797980 0.9797980 0.9797980 0.9797980 0.9797980 0.9797980 0.9797980 0.9797980 0.9797980 0.9797980 0.9797980 0.9797980 0.9797980 0.9797980 0.9797980 0.9797980 0.9797980 0.9797980 0.9797980 0.9797980 0.9797980 0.9797980 0.9797980 0.9797980 0.9797980 0.9797980 0.9797980 0.9797980 0.9797980 
0.9797980 0.9797980 0.9797980 0.9797980 0.9797980 0.9797980 0.9797980 0.9797980 0.9797980 0.9797980 0.9797980 0.9797980 0.9797980 0.9797980 0.9797980 0.9797980 0.9797980 0.9797980 0.9797980 0.9797980 0.9797980 0.9797980 0.9797980 0.9797980 0.9797980 0.9797980 0.9797980 0.9797980 0.9797980 0.9797980 0.9797980 0.9797980 0.9797980 0.9797980 0.9797980 0.9797980 0.9797980 0.9797980 0.9797980 0.9797980 0.9797980 0.9797980 0.9797980 0.9797980 0.9797980 0.9797980 0.9797980 0.9797980 0.9797980 0.9797980 0.9797980 0.9797980 0.9797980 0.9797980 0.9797980 0.9797980 0.9797980 0.9797980 0.9797980 0.9797980 0.9797980 0.9797980 0.9797980 
0.9797980 0.9797980 0.9797980 0.9797980 0.9797980 0.9797980 0.9797980 0.9797980 0.9797980 0.9797980 0.9797980 0.9797980 0.9797980 0.9797980 0.9797980 0.9797980 0.9797980 0.9797980 0.9797980 0.9797980 0.9797980 0.9797980 0.9797980 0.9797980 0.9797980 0.9797980 0.9797980 0.9797980 0.9797980 0.9797980 0.9797980 0.9797980 0.9797980 0.9797980 0.9797980 0.9797980 0.9797980 0.9797980 0.9797980 0.9797980 0.9797980 0.9797980 0.9797980 0.9797980 0.9797980 0.9797980 0.9797980 0.9797980 0.9797980 0.9797980 0.9797980 0.9797980 0.9797980 0.9797980 0.9797980 0.9797980 0.9797980 0.9797980 0.9797980 0.9797980 0.9797980 0.9797980 
0.9797980 0.9797980 0.9797980 0.9797980 0.9797980 0.9797980 0.9797980 0.9797980 0.9797980 0.9797980 0.9797980 0.9797980 0.9797980 0.9797980 0.9797980 0.9797980 0.9797980 0.9797980 0.9797980 0.9797980 0.9797980 0.9797980 0.9797980 0.9797980 0.9797980 0.9797980 0.9797980 0.9797980 0.9797980 0.9797980 0.9797980 0.9797980 0.9797980 0.9797980 0.9797980 0.9797980 0.9797980 0.9797980 0.9797980 0.9797980 0.9797980 0.9797980 0.9797980 0.9797980 0.9797980 0.9797980 0.9797980 0.9797980 0.9797980 0.9797980 0.9797980 0.9797980 0.9797980 0.9797980 0.9797980 0.9797980 0.9797980 0.9797980 0.9797980 0.9797980 0.9797980 
0.9797980 0.9797980 0.9797980 0.9797980 0.9797980 0.9797980 0.9797980 0.9797980 0.9797980 0.9797980 0.9797980 0.9797980 0.9797980 0.9797980 0.9797980 0.9797980 0.9797980 0.9797980 0.9797980 0.9797980 0.9797980 0.9797980 0.9797980 0.9797980 0.9797980 0.9797980 0.9797980 0.9797980 0.9797980 0.9797980 0.9797980 0.9797980 0.9797980 0.9797980 0.9797980 0.9797980 0.9797980 0.9797980 0.9797980 0.9797980 0.9797980 0.9797980 0.9797980 0.9797980 0.9797980 0.9797980 0.9797980 0.9797980 0.9797980 0.9797980 0.9797980 0.9797980 0.9797980 0.9797980 0.9797980 0.9797980 0.9797980 0.9797980 0.9797980 0.9797980 
0.9797980 0.9797980 0.9797980 0.9797980 0.9797980 0.9797980 0.9797980 0.9797980 0.9797980 0.9797980 0.9797980 0.9797980 0.9797980 0.9797980 0.9797980 0.9797980 0.9797980 0.9797980 0.9797980 0.9797980 0.9797980 0.9797980 0.9797980 0.9797980 0.9797980 0.9797980 0.9797980 0.9797980 0.9797980 0.9797980 0.9797980 0.9797980 0.9797980 0.9797980 0.9797980 0.9797980 0.9797980 0.9797980 0.9797980 0.9797980 0.9797980 0.9797980 0.9797980 0.9797980 0.9797980 0.9797980 0.9797980 0.9797980 0.9797980 0.9797980 0.9797980 0.9797980 0.9797980 0.9797980 0.9797980 0.9797980 0.9797980 0.9797980 0.9797980 
0.9797980 0.9797980 0.9797980 0.9797980 0.9797980 0.9797980 0.9797980 0.9797980 0.9797980 0.9797980 0.9797980 0.9797980 0.9797980 0.9797980 0.9797980 0.9797980 0.9797980 0.9797980 0.9797980 0.9797980 0.9797980 0.9797980 0.9797980 0.9797980 0.9797980 0.9797980 0.9797980 0.9797980 0.9797980 0.9797980 0.9797980 0.9797980 0.9797980 0.9797980 0.9797980 0.9797980 0.9797980 0.9797980 0.9797980 0.9797980 0.9797980 0.9797980 0.9797980 0.9797980 0.9797980 0.9797980 0.9797980 0.9797980 0.9797980 0.9797980 0.9797980 0.9797980 0.9797980 0.9797980 0.9797980 0.9797980 0.9797980 0.9797980 
0.9797980 0.9797980 0.9797980 0.9797980 0.9797980 0.9797980 0.9797980 0.9797980 0.9797980 0.9797980 0.9797980 0.9797980 0.9797980 0.9797980 0.9797980 0.9797980 0.9797980 0.9797980 0.9797980 0.9797980 0.9797980 0.9797980 0.9797980 0.9797980 0.9797980 0.9797980 0.9797980 0.9797980 0.9797980 0.9797980 0.9797980 0.9797980 0.9797980 0.9797980 0.9797980 0.9797980 0.9797980 0.9797980 0.9797980 0.9797980 0.9797980 0.9797980 0.9797980 0.9797980 0.9797980 0.9797980 0.9797980 0.9797980 0.9797980 0.9797980 0.9797980 0.9797980 0.9797980 0.9797980 0.9797980 0.9797980 0.9797980 
0.9797980 0.9797980 0.9797980 0.9797980 0.9797980 0.9797980 0.9797980 0.9797980 0.9797980 0.9797980 0.9797980 0.9797980 0.9797980 0.9797980 0.9797980 0.9797980 0.9797980 0.9797980 0.9797980 0.9797980 0.9797980 0.9797980 0.9797980 0.9797980 0.9797980 0.9797980 0.9797980 0.9797980 0.9797980 0.9797980 0.9797980 0.9797980 0.9797980 0.9797980 0.9797980 0.9797980 0.9797980 0.9797980 0.9797980 0.9797980 0.9797980 0.9797980 0.9797980 0.9797980 0.9797980 0.9797980 0.9797980 0.9797980 0.9797980 0.9797980 0.9797980 0.9797980 0.9797980 0.9797980 0.9797980 0.9797980 
0.9797980 0.9797980 0.9797980 0.9797980 0.9797980 0.9797980 0.9797980 0.9797980 0.9797980 0.9797980 0.9797980 0.9797980 0.9797980 0.9797980 0.9797980 0.9797980 0.9797980 0.9797980 0.9797980 0.9797980 0.9797980 0.9797980 0.9797980 0.9797980 0.9797980 0.9797980 0.9797980 0.9797980 0.9797980 0.9797980 0.9797980 0.9797980 0.9797980 0.9797980 0.9797980 0.9797980 0.9797980 0.9797980 0.9797980 0.9797980 0.9797980 0.9797980 0.9797980 0.9797980 0.9797980 0.9797980 0.9797980 0.9797980 0.9797980 0.9797980 0.9797980 0.9797980 0.9797980 0.9797980 0.9797980 
0.9797980 0.9797980 0.9797980 0.9797980 0.9797980 0.9797980 0.9797980 0.9797980 0.9797980 0.9797980 0.9797980 0.9797980 0.9797980 0.9797980 0.9797980 0.9797980 0.9797980 0.9797980 0.9797980 0.9797980 0.9797980 0.9797980 0.9797980 0.9797980 0.9797980 0.9797980 0.9797980 0.9797980 0.9797980 0.9797980 0.9797980 0.9797980 0.9797980 0.9797980 0.9797980 0.9797980 0.9797980 0.9797980 0.9797980 0.9797980 0.9797980 0.9797980 0.9797980 0.9797980 0.9797980 0.9797980 0.9797980 0.9797980 0.9797980 0.9797980 0.9797980 0.9797980 0.9797980 0.9797980 
0.9797980 0.9797980 0.9797980 0.9797980 0.9797980 0.9797980 0.9797980 0.9797980 0.9797980 0.9797980 0.9797980 0.9797980 0.9797980 0.9797980 0.9797980 0.9797980 0.9797980 0.9797980 0.9797980 0.9797980 0.9797980 0.9797980 0.9797980 0.9797980 0.9797980 0.9797980 0.9797980 0.9797980 0.9797980 0.9797980 0.9797980 0.9797980 0.9797980 0.9797980 0.9797980 0.9797980 0.9797980 0.9797980 0.9797980 0.9797980 0.9797980 0.9797980 0.9797980 0.9797980 0.9797980 0.9797980 0.9797980 0.9797980 0.9797980 0.9797980 0.9797980 0.9797980 0.9797980 
0.9797980 0.9797980 0.9797980 0.9797980 0.9797980 0.9797980 0.9797980 0.9797980 0.9797980 0.9797980 0.9797980 0.9797980 0.9797980 0.9797980 0.9797980 0.9797980 0.9797980 0.9797980 0.9797980 0.9797980 0.9797980 0.9797980 0.9797980 0.9797980 0.9797980 0.9797980 0.9797980 0.9797980 0.9797980 0.9797980 0.9797980 0.9797980 0.9797980 0.9797980 0.9797980 0.9797980 0.9797980 0.9797980 0.9797980 0.9797980 0.9797980 0.9797980 0.9797980 0.9797980 0.9797980 0.9797980 0.9797980 0.9797980 0.9797980 0.9797980 0.9797980 0.9797980 
0.9797980 0.9797980 0.9797980 0.9797980 0.9797980 0.9797980 0.9797980 0.9797980 0.9797980 0.9797980 0.9797980 0.9797980 0.9797980 0.9797980 0.9797980 0.9797980 0.9797980 0.9797980 0.9797980 0.9797980 0.9797980 0.9797980 0.9797980 0.9797980 0.9797980 0.9797980 0.9797980 0.9797980 0.9797980 0.9797980 0.9797980 0.9797980 0.9797980 0.9797980 0.9797980 0.9797980 0.9797980 0.9797980 0.9797980 0.9797980 0.9797980 0.9797980 0.9797980 0.9797980 0.9797980 0.9797980 0.9797980 0.9797980 0.9797980 0.9797980 0.9797980 
0.9797980 0.9797980 0.9797980 0.9797980 0.9797980 0.9797980 0.9797980 0.9797980 0.9797980 0.9797980 0.9797980 0.9797980 0.9797980 0.9797980 0.9797980 0.9797980 0.9797980 0.9797980 0.9797980 0.9797980 0.9797980 0.9797980 0.9797980 0.9797980 0.9797980 0.9797980 0.9797980 0.9797980 0.9797980 0.9797980 0.9797980 0.9797980 0.9797980 0.9797980 0.9797980 0.9797980 0.9797980 0.9797980 0.9797980 0.9797980 0.9797980 0.9797980 0.9797980 0.9797980 0.9797980 0.9797980 0.9797980 0.9797980 0.9797980 0.9797980 
0.9797980 0.9797980 0.9797980 0.9797980 0.9797980 0.9797980 0.9797980 0.9797980 0.9797980 0.9797980 0.9797980 0.9797980 0.9797980 0.9797980 0.9797980 0.9797980 0.9797980 0.9797980 0.9797980 0.9797980 0.9797980 0.9797980 0.9797980 0.9797980 0.9797980 0.9797980 0.9797980 0.9797980 0.9797980 0.9797980 0.9797980 0.9797980 0.9797980 0.9797980 0.9797980 0.9797980 0.9797980 0.9797980 0.9797980 0.9797980 0.9797980 0.9797980 0.9797980 0.9797980 0.9797980 0.9797980 0.9797980 0.9797980 0.9797980 
0.9797980 0.9797980 0.9797980 0.9797980 0.9797980 0.9797980 0.9797980 0.9797980 0.9797980 0.9797980 0.9797980 0.9797980 0.9797980 0.9797980 0.9797980 0.9797980 0.9797980 0.9797980 0.9797980 0.9797980 0.9797980 0.9797980 0.9797980 0.9797980 0.9797980 0.9797980 0.9797980 0.9797980 0.9797980 0.9797980 0.9797980 0.9797980 0.9797980 0.9797980 0.9797980 0.9797980 0.9797980 0.9797980 0.9797980 0.9797980 0.9797980 0.9797980 0.9797980 0.9797980 0.9797980 0.9797980 0.9797980 0.9797980 
0.9797980 0.9797980 0.9797980 0.9797980 0.9797980 0.9797980 0.9797980 0.9797980 0.9797980 0.9797980 0.9797980 0.9797980 0.9797980 0.9797980 0.9797980 0.9797980 0.9797980 0.9797980 0.9797980 0.9797980 0.9797980 0.9797980 0.9797980 0.9797980 0.9797980 0.9797980 0.9797980 0.9797980 0.9797980 0.9797980 0.9797980 0.9797980 0.9797980 0.9797980 0.9797980 0.9797980 0.9797980 0.9797980 0.9797980 0.9797980 0.9797980 0.9797980 0.9797980 0.9797980 0.9797980 0.9797980 0.9797980 
0.9797980 0.9797980 0.9797980 0.9797980 0.9797980 0.9797980 0.9797980 0.9797980 0.9797980 0.9797980 0.9797980 0.9797980 0.9797980 0.9797980 0.9797980 0.9797980 0.9797980 0.9797980 0.9797980 0.9797980 0.9797980 0.9797980 0.9797980 0.9797980 0.9797980 0.9797980 0.9797980 0.9797980 0.9797980 0.9797980 0.9797980 0.9797980 0.9797980 0.9797980 0.9797980 0.9797980 0.9797980 0.9797980 0.9797980 0.9797980 0.9797980 0.9797980 0.9797980 0.9797980 0.9797980 0.9797980 
0.9797980 0.9797980 0.9797980 0.9797980 0.9797980 0.9797980 0.9797980 0.9797980 0.9797980 0.9797980 0.9797980 0.9797980 0.9797980 0.9797980 0.9797980 0.9797980 0.9797980 0.9797980 0.9797980 0.9797980 0.9797980 0.9797980 0.9797980 0.9797980 0.9797980 0.9797980 0.9797980 0.9797980 0.9797980 0.9797980 0.9797980 0.9797980 0.9797980 0.9797980 0.9797980 0.9797980 0.9797980 0.9797980 0.9797980 0.9797980 0.9797980 0.9797980 0.9797980 0.9797980 0.9797980 
0.9797980 0.9797980 0.9797980 0.9797980 0.9797980 0.9797980 0.9797980 0.9797980 0.9797980 0.9797980 0.9797980 0.9797980 0.9797980 0.9797980 0.9797980 0.9797980 0.9797980 0.9797980 0.9797980 0.9797980 0.9797980 0.9797980 0.9797980 0.9797980 0.9797980 0.9797980 0.9797980 0.9797980 0.9797980 0.9797980 0.9797980 0.9797980 0.9797980 0.9797980 0.9797980 0.9797980 0.9797980 0.9797980 0.9797980 0.9797980 0.9797980 0.9797980 0.9797980 0.9797980 
0.9797980 0.9797980 0.9797980 0.9797980 0.9797980 0.9797980 0.9797980 0.9797980 0.9797980 0.9797980 0.9797980 0.9797980 0.9797980 0.9797980 0.9797980 0.9797980 0.9797980 0.9797980 0.9797980 0.9797980 0.9797980 0.9797980 0.9797980 0.9797980 0.9797980 0.9797980 0.9797980 0.9797980 0.9797980 0.9797980 0.9797980 0.9797980 0.9797980 0.9797980 0.9797980 0.9797980 0.9797980 0.9797980 0.9797980 0.9797980 0.9797980 0.9797980 0.9797980 
0.9797980 0.9797980 0.9797980 0.9797980 0.9797980 0.9797980 0.9797980 0.9797980 0.9797980 0.9797980 0.9797980 0.9797980 0.9797980 0.9797980 0.9797980 0.9797980 0.9797980 0.9797980 0.9797980 0.9797980 0.9797980 0.9797980 0.9797980 0.9797980 0.9797980 0.9797980 0.9797980 0.9797980 0.9797980 0.9797980 0.9797980 0.9797980 0.9797980 0.9797980 0.9797980 0.9797980 0.9797980 0.9797980 0.9797980 0.9797980 0.9797980 0.9797980 
0.9797980 0.9797980 0.9797980 0.9797980 0.9797980 0.9797980 0.9797980 0.9797980 0.9797980 0.9797980 0.9797980 0.9797980 0.9797980 0.9797980 0.9797980 0.9797980 0.9797980 0.9797980 0.9797980 0.9797980 0.9797980 0.9797980 0.9797980 0.9797980 0.9797980 0.9797980 0.9797980 0.9797980 0.9797980 0.9797980 0.9797980 0.9797980 0.9797980 0.9797980 0.9797980 0.9797980 0.9797980 0.9797980 0.9797980 0.9797980 0.9797980 
0.9797980 0.9797980 0.9797980 0.9797980 0.9797980 0.9797980 0.9797980 0.9797980 0.9797980 0.9797980 0.9797980 0.9797980 0.9797980 0.9797980 0.9797980 0.9797980 0.9797980 0.9797980 0.9797980 0.9797980 0.9797980 0.9797980 0.9797980 0.9797980 0.9797980 0.9797980 0.9797980 0.9797980 0.9797980 0.9797980 0.9797980 0.9797980 0.9797980 0.9797980 0.9797980 0.9797980 0.9797980 0.9797980 0.9797980 0.9797980 
0.9797980 0.9797980 0.9797980 0.9797980 0.9797980 0.9797980 0.9797980 0.9797980 0.9797980 0.9797980 0.9797980 0.9797980 0.9797980 0.9797980 0.9797980 0.9797980 0.9797980 0.9797980 0.9797980 0.9797980 0.9797980 0.9797980 0.9797980 0.9797980 0.9797980 0.9797980 0.9797980 0.9797980 0.9797980 0.9797980 0.9797980 0.9797980 0.9797980 0.9797980 0.9797980 0.9797980 0.9797980 0.9797980 0.9797980 
0.9797980 0.9797980 0.9797980 0.9797980 0.9797980 0.9797980 0.9797980 0.9797980 0.9797980 0.9797980 0.9797980 0.9797980 0.9797980 0.9797980 0.9797980 0.9797980 0.9797980 0.9797980 0.9797980 0.9797980 0.9797980 0.9797980 0.9797980 0.9797980 0.9797980 0.9797980 0.9797980 0.9797980 0.9797980 0.9797980 0.9797980 0.9797980 0.9797980 0.9797980 0.9797980 0.9797980 0.9797980 0.9797980 
0.9797980 0.9797980 0.9797980 0.9797980 0.9797980 0.9797980 0.9797980 0.9797980 0.9797980 0.9797980 0.9797980 0.9797980 0.9797980 0.9797980 0.9797980 0.9797980 0.9797980 0.9797980 0.9797980 0.9797980 0.9797980 0.9797980 0.9797980 0.9797980 0.9797980 0.9797980 0.9797980 0.9797980 0.9797980 0.9797980 0.9797980 0.9797980 0.9797980 0.9797980 0.9797980 0.9797980 0.9797980 
0.9797980 0.9797980 0.9797980 0.9797980 0.9797980 0.9797980 0.9797980 0.9797980 0.9797980 0.9797980 0.9797980 0.9797980 0.9797980 0.9797980 0.9797980 0.9797980 0.9797980 0.9797980 0.9797980 0.9797980 0.9797980 0.9797980 0.9797980 0.9797980 0.9797980 0.9797980 0.9797980 0.9797980 0.9797980 0.9797980 0.9797980 0.9797980 0.9797980 0.9797980 0.9797980 0.9797980 
0.9797980 0.9797980 0.9797980 0.9797980 0.9797980 0.9797980 0.9797980 0.9797980 0.9797980 0.9797980 0.9797980 0.9797980 0.9797980 0.9797980 0.9797980 0.9797980 0.9797980 0.9797980 0.9797980 0.9797980 0.9797980 0.9797980 0.9797980 0.9797980 0.9797980 0.9797980 0.9797980 0.9797980 0.9797980 0.9797980 0.9797980 0.9797980 0.9797980 0.9797980 0.9797980 
0.9797980 0.9797980 0.9797980 0.9797980 0.9797980 0.9797980 0.9797980 0.9797980 0.9797980 0.9797980 0.9797980 0.9797980 0.9797980 0.9797980 0.9797980 0.9797980 0.9797980 0.9797980 0.9797980 0.9797980 0.9797980 0.9797980 0.9797980 0.9797980 0.9797980 0.9797980 0.9797980 0.9797980 0.9797980 0.9797980 0.9797980 0.9797980 0.9797980 0.9797980 
0.9797980 0.9797980 0.9797980 0.9797980 0.9797980 0.9797980 0.9797980 0.9797980 0.9797980 0.9797980 0.9797980 0.9797980 0.9797980 0.9797980 0.9797980 0.9797980 0.9797980 0.9797980 0.9797980 0.9797980 0.9797980 0.9797980 0.9797980 0.9797980 0.9797980 0.9797980 0.9797980 0.9797980 0.9797980 0.9797980 0.9797980 0.9797980 0.9797980 
0.9797980 0.9797980 0.9797980 0.9797980 0.9797980 0.9797980 0.9797980 0.9797980 0.9797980 0.9797980 0.9797980 0.9797980 0.9797980 0.9797980 0.9797980 0.9797980 0.9797980 0.9797980 0.9797980 0.9797980 0.9797980 0.9797980 0.9797980 0.9797980 0.9797980 0.9797980 0.9797980 0.9797980 0.9797980 0.9797980 0.9797980 0.9797980 
0.9797980 0.9797980 0.9797980 0.9797980 0.9797980 0.9797980 0.9797980 0.9797980 0.9797980 0.9797980 0.9797980 0.9797980 0.9797980 0.9797980 0.9797980 0.9797980 0.9797980 0.9797980 0.9797980 0.9797980 0.9797980 0.9797980 0.9797980 0.9797980 0.9797980 0.9797980 0.9797980 0.9797980 0.9797980 0.9797980 0.9797980 
0.9797980 0.9797980 0.9797980 0.9797980 0.9797980 0.9797980 0.9797980 0.9797980 0.9797980 0.9797980 0.9797980 0.9797980 0.9797980 0.9797980 0.9797980 0.9797980 0.9797980 0.9797980 0.9797980 0.9797980 0.9797980 0.9797980 0.9797980 0.9797980 0.9797980 0.9797980 0.9797980 0.9797980 0.9797980 0.9797980 0.9797980 
0.9797980 0.9797980 0.9797980 0.9797980 0.9797980 0.9797980 0.9797980 0.9797980 0.9797980 0.9797980 0.9797980 0.9797980 0.9797980 0.9797980 0.9797980 0.9797980 0.9797980 0.9797980 0.9797980 0.9797980 0.9797980 0.9797980 0.9797980 0.9797980 0.9797980 0.9797980 0.9797980 0.9797980 0.9797980 0.9797980 0.9797980 0.9797980 
0.9797980 0.9797980 0.9797980 0.9797980 0.9797980 0.9797980 0.9797980 0.9797980 0.9797980 0.9797980 0.9797980 0.9797980 0.9797980 0.9797980 0.9797980 0.9797980 0.9797980 0.9797980 0.9797980 0.9797980 0.9797980 0.9797980 0.9797980 0.9797980 0.9797980 0.9797980 0.9797980 0.9797980 0.9797980 0.9797980 0.9797980 0.9797980 0.9797980 
0.9797980 0.9797980 0.9797980 0.9797980 0.9797980 0.9797980 0.9797980 0.9797980 0.9797980 0.9797980 0.9797980 0.9797980 0.9797980 0.9797980 0.9797980 0.9797980 0.9797980 0.9797980 0.9797980 0.9797980 0.9797980 0.9797980 0.9797980 0.9797980 0.9797980 0.9797980 0.9797980 0.9797980 0.9797980 0.9797980 0.9797980 0.9797980 0.9797980 0.9797980 
0.9797980 0.9797980 0.9797980 0.9797980 0.9797980 0.9797980 0.9797980 0.9797980 0.9797980 0.9797980 0.9797980 0.9797980 0.9797980 0.9797980 0.9797980 0.9797980 0.9797980 0.9797980 0.9797980 0.9797980 0.9797980 0.9797980 0.9797980 0.9797980 0.9797980 0.9797980 0.9797980 0.9797980 0.9797980 0.9797980 0.9797980 0.9797980 0.9797980 0.9797980 0.9797980 
0.9797980 0.9797980 0.9797980 0.9797980 0.9797980 0.9797980 0.9797980 0.9797980 0.9797980 0.9797980 0.9797980 0.9797980 0.9797980 0.9797980 0.9797980 0.9797980 0.9797980 0.9797980 0.9797980 0.9797980 0.9797980 0.9797980 0.9797980 0.9797980 0.9797980 0.9797980 0.9797980 0.9797980 0.9797980 0.9797980 0.9797980 0.9797980 0.9797980 0.9797980 0.9797980 0.9797980 
0.9797980 0.9797980 0.9797980 0.9797980 0.9797980 0.9797980 0.9797980 0.9797980 0.9797980 0.9797980 0.9797980 0.9797980 0.9797980 0.9797980 0.9797980 0.9797980 0.9797980 0.9797980 0.9797980 0.9797980 0.9797980 0.9797980 0.9797980 0.9797980 0.9797980 0.9797980 0.9797980 0.9797980 0.9797980 0.9797980 0.9797980 0.9797980 0.9797980 0.9797980 0.9797980 0.9797980 0.9797980 
0.9797980 0.9797980 0.9797980 0.9797980 0.9797980 0.9797980 0.9797980 0.9797980 0.9797980 0.9797980 0.9797980 0.9797980 0.9797980 0.9797980 0.9797980 0.9797980 0.9797980 0.9797980 0.9797980 0.9797980 0.9797980 0.9797980 0.9797980 0.9797980 0.9797980 0.9797980 0.9797980 0.9797980 0.9797980 0.9797980 0.9797980 0.9797980 0.9797980 0.9797980 0.9797980 0.9797980 0.9797980 0.9797980 
0.9797980 0.9797980 0.9797980 0.9797980 0.9797980 0.9797980 0.9797980 0.9797980 0.9797980 0.9797980 0.9797980 0.9797980 0.9797980 0.9797980 0.9797980 0.9797980 0.9797980 0.9797980 0.9797980 0.9797980 0.9797980 0.9797980 0.9797980 0.9797980 0.9797980 0.9797980 0.9797980 0.9797980 0.9797980 0.9797980 0.9797980 0.9797980 0.9797980 0.9797980 0.9797980 0.9797980 0.9797980 0.9797980 0.9797980 
0.9797980 0.9797980 0.9797980 0.9797980 0.9797980 0.9797980 0.9797980 0.9797980 0.9797980 0.9797980 0.9797980 0.9797980 0.9797980 0.9797980 0.9797980 0.9797980 0.9797980 0.9797980 0.9797980 0.9797980 0.9797980 0.9797980 0.9797980 0.9797980 0.9797980 0.9797980 0.9797980 0.9797980 0.9797980 0.9797980 0.9797980 0.9797980 0.9797980 0.9797980 0.9797980 0.9797980 0.9797980 0.9797980 0.9797980 0.9797980 
0.9797980 0.9797980 0.9797980 0.9797980 0.9797980 0.9797980 0.9797980 0.9797980 0.9797980 0.9797980 0.9797980 0.9797980 0.9797980 0.9797980 0.9797980 0.9797980 0.9797980 0.9797980 0.9797980 0.9797980 0.9797980 0.9797980 0.9797980 0.9797980 0.9797980 0.9797980 0.9797980 0.9797980 0.9797980 0.9797980 0.9797980 0.9797980 0.9797980 0.9797980 0.9797980 0.9797980 0.9797980 0.9797980 0.9797980 0.9797980 0.9797980 
0.9797980 0.9797980 0.9797980 0.9797980 0.9797980 0.9797980 0.9797980 0.9797980 0.9797980 0.9797980 0.9797980 0.9797980 0.9797980 0.9797980 0.9797980 0.9797980 0.9797980 0.9797980 0.9797980 0.9797980 0.9797980 0.9797980 0.9797980 0.9797980 0.9797980 0.9797980 0.9797980 0.9797980 0.9797980 0.9797980 0.9797980 0.9797980 0.9797980 0.9797980 0.9797980 0.9797980 0.9797980 0.9797980 0.9797980 0.9797980 0.9797980 0.9797980 
0.9797980 0.9797980 0.9797980 0.9797980 0.9797980 0.9797980 0.9797980 0.9797980 0.9797980 0.9797980 0.9797980 0.9797980 0.9797980 0.9797980 0.9797980 0.9797980 0.9797980 0.9797980 0.9797980 0.9797980 0.9797980 0.9797980 0.9797980 0.9797980 0.9797980 0.9797980 0.9797980 0.9797980 0.9797980 0.9797980 0.9797980 0.9797980 0.9797980 0.9797980 0.9797980 0.9797980 0.9797980 0.9797980 0.9797980 0.9797980 0.9797980 0.9797980 0.9797980 
0.9797980 0.9797980 0.9797980 0.9797980 0.9797980 0.9797980 0.9797980 0.9797980 0.9797980 0.9797980 0.9797980 0.9797980 0.9797980 0.9797980 0.9797980 0.9797980 0.9797980 0.9797980 0.9797980 0.9797980 0.9797980 0.9797980 0.9797980 0.9797980 0.9797980 0.9797980 0.9797980 0.9797980 0.9797980 0.9797980 0.9797980 0.9797980 0.9797980 0.9797980 0.9797980 0.9797980 0.9797980 0.9797980 0.9797980 0.9797980 0.9797980 0.9797980 0.9797980 0.9797980 
0.9797980 0.9797980 0.9797980 0.9797980 0.9797980 0.9797980 0.9797980 0.9797980 0.9797980 0.9797980 0.9797980 0.9797980 0.9797980 0.9797980 0.9797980 0.9797980 0.9797980 0.9797980 0.9797980 0.9797980 0.9797980 0.9797980 0.9797980 0.9797980 0.9797980 0.9797980 0.9797980 0.9797980 0.9797980 0.9797980 0.9797980 0.9797980 0.9797980 0.9797980 0.9797980 0.9797980 0.9797980 0.9797980 0.9797980 0.9797980 0.9797980 0.9797980 0.9797980 0.9797980 0.9797980 
0.9797980 0.9797980 0.9797980 0.9797980 0.9797980 0.9797980 0.9797980 0.9797980 0.9797980 0.9797980 0.9797980 0.9797980 0.9797980 0.9797980 0.9797980 0.9797980 0.9797980 0.9797980 0.9797980 0.9797980 0.9797980 0.9797980 0.9797980 0.9797980 0.9797980 0.9797980 0.9797980 0.9797980 0.9797980 0.9797980 0.9797980 0.9797980 0.9797980 0.9797980 0.9797980 0.9797980 0.9797980 0.9797980 0.9797980 0.9797980 0.9797980 0.9797980 0.9797980 0.9797980 0.9797980 0.9797980 
0.9797980 0.9797980 0.9797980 0.9797980 0.9797980 0.9797980 0.9797980 0.9797980 0.9797980 0.9797980 0.9797980 0.9797980 0.9797980 0.9797980 0.9797980 0.9797980 0.9797980 0.9797980 0.9797980 0.9797980 0.9797980 0.9797980 0.9797980 0.9797980 0.9797980 0.9797980 0.9797980 0.9797980 0.9797980 0.9797980 0.9797980 0.9797980 0.9797980 0.9797980 0.9797980 0.9797980 0.9797980 0.9797980 0.9797980 0.9797980 0.9797980 0.9797980 0.9797980 0.9797980 0.9797980 0.9797980 0.9797980 
0.9797980 0.9797980 0.9797980 0.9797980 0.9797980 0.9797980 0.9797980 0.9797980 0.9797980 0.9797980 0.9797980 0.9797980 0.9797980 0.9797980 0.9797980 0.9797980 0.9797980 0.9797980 0.9797980 0.9797980 0.9797980 0.9797980 0.9797980 0.9797980 0.9797980 0.9797980 0.9797980 0.9797980 0.9797980 0.9797980 0.9797980 0.9797980 0.9797980 0.9797980 0.9797980 0.9797980 0.9797980 0.9797980 0.9797980 0.9797980 0.9797980 0.9797980 0.9797980 0.9797980 0.9797980 0.9797980 0.9797980 0.9797980 
0.9797980 0.9797980 0.9797980 0.9797980 0.9797980 0.9797980 0.9797980 0.9797980 0.9797980 0.9797980 0.9797980 0.9797980 0.9797980 0.9797980 0.9797980 0.9797980 0.9797980 0.9797980 0.9797980 0.9797980 0.9797980 0.9797980 0.9797980 0.9797980 0.9797980 0.9797980 0.9797980 0.9797980 0.9797980 0.9797980 0.9797980 0.9797980 0.9797980 0.9797980 0.9797980 0.9797980 0.9797980 0.9797980 0.9797980 0.9797980 0.9797980 0.9797980 0.9797980 0.9797980 0.9797980 0.9797980 0.9797980 0.9797980 0.9797980 
0.9797980 0.9797980 0.9797980 0.9797980 0.9797980 0.9797980 0.9797980 0.9797980 0.9797980 0.9797980 0.9797980 0.9797980 0.9797980 0.9797980 0.9797980 0.9797980 0.9797980 0.9797980 0.9797980 0.9797980 0.9797980 0.9797980 0.9797980 0.9797980 0.9797980 0.9797980 0.9797980 0.9797980 0.9797980 0.9797980 0.9797980 0.9797980 0.9797980 0.9797980 0.9797980 0.9797980 0.9797980 0.9797980 0.9797980 0.9797980 0.9797980 0.9797980 0.9797980 0.9797980 0.9797980 0.9797980 0.9797980 0.9797980 0.9797980 0.9797980 
0.9797980 0.9797980 0.9797980 0.9797980 0.9797980 0.9797980 0.9797980 0.9797980 0.9797980 0.9797980 0.9797980 0.9797980 0.9797980 0.9797980 0.9797980 0.9797980 0.9797980 0.9797980 0.9797980 0.9797980 0.9797980 0.9797980 0.9797980 0.9797980 0.9797980 0.9797980 0.9797980 0.9797980 0.9797980 0.9797980 0.9797980 0.9797980 0.9797980 0.9797980 0.9797980 0.9797980 0.9797980 0.9797980 0.9797980 0.9797980 0.9797980 0.9797980 0.9797980 0.9797980 0.9797980 0.9797980 0.9797980 0.9797980 0.9797980 0.9797980 0.9797980 
0.9797980 0.9797980 0.9797980 0.9797980 0.9797980 0.9797980 0.9797980 0.9797980 0.9797980 0.9797980 0.9797980 0.9797980 0.9797980 0.9797980 0.9797980 0.9797980 0.9797980 0.9797980 0.9797980 0.9797980 0.9797980 0.9797980 0.9797980 0.9797980 0.9797980 0.9797980 0.9797980 0.9797980 0.9797980 0.9797980 0.9797980 0.9797980 0.9797980 0.9797980 0.9797980 0.9797980 0.9797980 0.9797980 0.9797980 0.9797980 0.9797980 0.9797980 0.9797980 0.9797980 0.9797980 0.9797980 0.9797980 0.9797980 0.9797980 0.9797980 0.9797980 0.9797980 
0.9797980 0.9797980 0.9797980 0.9797980 0.9797980 0.9797980 0.9797980 0.9797980 0.9797980 0.9797980 0.9797980 0.9797980 0.9797980 0.9797980 0.9797980 0.9797980 0.9797980 0.9797980 0.9797980 0.9797980 0.9797980 0.9797980 0.9797980 0.9797980 0.9797980 0.9797980 0.9797980 0.9797980 0.9797980 0.9797980 0.9797980 0.9797980 0.9797980 0.9797980 0.9797980 0.9797980 0.9797980 0.9797980 0.9797980 0.9797980 0.9797980 0.9797980 0.9797980 0.9797980 0.9797980 0.9797980 0.9797980 0.9797980 0.9797980 0.9797980 0.9797980 0.9797980 0.9797980 
0.9797980 0.9797980 0.9797980 0.9797980 0.9797980 0.9797980 0.9797980 0.9797980 0.9797980 0.9797980 0.9797980 0.9797980 0.9797980 0.9797980 0.9797980 0.9797980 0.9797980 0.9797980 0.9797980 0.9797980 0.9797980 0.9797980 0.9797980 0.9797980 0.9797980 0.9797980 0.9797980 0.9797980 0.9797980 0.9797980 0.9797980 0.9797980 0.9797980 0.9797980 0.9797980 0.9797980 0.9797980 0.9797980 0.9797980 0.9797980 0.9797980 0.9797980 0.9797980 0.9797980 0.9797980 0.9797980 0.9797980 0.9797980 0.9797980 0.9797980 0.9797980 0.9797980 0.9797980 0.9797980 
0.9797980 0.9797980 0.9797980 0.9797980 0.9797980 0.9797980 0.9797980 0.9797980 0.9797980 0.9797980 0.9797980 0.9797980 0.9797980 0.9797980 0.9797980 0.9797980 0.9797980 0.9797980 0.9797980 0.9797980 0.9797980 0.9797980 0.9797980 0.9797980 0.9797980 0.9797980 0.9797980 0.9797980 0.9797980 0.9797980 0.9797980 0.9797980 0.9797980 0.9797980 0.9797980 0.9797980 0.9797980 0.9797980 0.9797980 0.9797980 0.9797980 0.9797980 0.9797980 0.9797980 0.9797980 0.9797980 0.9797980 0.9797980 0.9797980 0.9797980 0.9797980 0.9797980 0.9797980 0.9797980 0.9797980 
0.9797980 0.9797980 0.9797980 0.9797980 0.9797980 0.9797980 0.9797980 0.9797980 0.9797980 0.9797980 0.9797980 0.9797980 0.9797980 0.9797980 0.9797980 0.9797980 0.9797980 0.9797980 0.9797980 0.9797980 0.9797980 0.9797980 0.9797980 0.9797980 0.9797980 0.9797980 0.9797980 0.9797980 0.9797980 0.9797980 0.9797980 0.9797980 0.9797980 0.9797980 0.9797980 0.9797980 0.9797980 0.9797980 0.9797980 0.9797980 0.9797980 0.9797980 0.9797980 0.9797980 0.9797980 0.9797980 0.9797980 0.9797980 0.9797980 0.9797980 0.9797980 0.9797980 0.9797980 0.9797980 0.9797980 0.9797980 
0.9797980 0.9797980 0.9797980 0.9797980 0.9797980 0.9797980 0.9797980 0.9797980 0.9797980 0.9797980 0.9797980 0.9797980 0.9797980 0.9797980 0.9797980 0.9797980 0.9797980 0.9797980 0.9797980 0.9797980 0.9797980 0.9797980 0.9797980 0.9797980 0.9797980 0.9797980 0.9797980 0.9797980 0.9797980 0.9797980 0.9797980 0.9797980 0.9797980 0.9797980 0.9797980 0.9797980 0.9797980 0.9797980 0.9797980 0.9797980 0.9797980 0.9797980 0.9797980 0.9797980 0.9797980 0.9797980 0.9797980 0.9797980 0.9797980 0.9797980 0.9797980 0.9797980 0.9797980 0.9797980 0.9797980 0.9797980 0.9797980 
0.9797980 0.9797980 0.9797980 0.9797980 0.9797980 0.9797980 0.9797980 0.9797980 0.9797980 0.9797980 0.9797980 0.9797980 0.9797980 0.9797980 0.9797980 0.9797980 0.9797980 0.9797980 0.9797980 0.9797980 0.9797980 0.9797980 0.9797980 0.9797980 0.9797980 0.9797980 0.9797980 0.9797980 0.9797980 0.9797980 0.9797980 0.9797980 0.9797980 0.9797980 0.9797980 0.9797980 0.9797980 0.9797980 0.9797980 0.9797980 0.9797980 0.9797980 0.9797980 0.9797980 0.9797980 0.9797980 0.9797980 0.9797980 0.9797980 0.9797980 0.9797980 0.9797980 0.9797980 0.9797980 0.9797980 0.9797980 0.9797980 0.9797980 
0.9797980 0.9797980 0.9797980 0.9797980 0.9797980 0.9797980 0.9797980 0.9797980 0.9797980 0.9797980 0.9797980 0.9797980 0.9797980 0.9797980 0.9797980 0.9797980 0.9797980 0.9797980 0.9797980 0.9797980 0.9797980 0.9797980 0.9797980 0.9797980 0.9797980 0.9797980 0.9797980 0.9797980 0.9797980 0.9797980 0.9797980 0.9797980 0.9797980 0.9797980 0.9797980 0.9797980 0.9797980 0.9797980 0.9797980 0.9797980 0.9797980 0.9797980 0.9797980 0.9797980 0.9797980 0.9797980 0.9797980 0.9797980 0.9797980 0.9797980 0.9797980 0.9797980 0.9797980 0.9797980 0.9797980 0.9797980 0.9797980 0.9797980 0.9797980 
0.9797980 0.9797980 0.9797980 0.9797980 0.9797980 0.9797980 0.9797980 0.9797980 0.9797980 0.9797980 0.9797980 0.9797980 0.9797980 0.9797980 0.9797980 0.9797980 0.9797980 0.9797980 0.9797980 0.9797980 0.9797980 0.9797980 0.9797980 0.9797980 0.9797980 0.9797980 0.9797980 0.9797980 0.9797980 0.9797980 0.9797980 0.9797980 0.9797980 0.9797980 0.9797980 0.9797980 0.9797980 0.9797980 0.9797980 0.9797980 0.9797980 0.9797980 0.9797980 0.9797980 0.9797980 0.9797980 0.9797980 0.9797980 0.9797980 0.9797980 0.9797980 0.9797980 0.9797980 0.9797980 0.9797980 0.9797980 0.9797980 0.9797980 0.9797980 0.9797980 
0.9797980 0.9797980 0.9797980 0.9797980 0.9797980 0.9797980 0.9797980 0.9797980 0.9797980 0.9797980 0.9797980 0.9797980 0.9797980 0.9797980 0.9797980 0.9797980 0.9797980 0.9797980 0.9797980 0.9797980 0.9797980 0.9797980 0.9797980 0.9797980 0.9797980 0.9797980 0.9797980 0.9797980 0.9797980 0.9797980 0.9797980 0.9797980 0.9797980 0.9797980 0.9797980 0.9797980 0.9797980 0.9797980 0.9797980 0.9797980 0.9797980 0.9797980 0.9797980 0.9797980 0.9797980 0.9797980 0.9797980 0.9797980 0.9797980 0.9797980 0.9797980 0.9797980 0.9797980 0.9797980 0.9797980 0.9797980 0.9797980 0.9797980 0.9797980 
0.9797980 0.9797980 0.9797980 0.9797980 0.9797980 0.9797980 0.9797980 0.9797980 0.9797980 0.9797980 0.9797980 0.9797980 0.9797980 0.9797980 0.9797980 0.9797980 0.9797980 0.9797980 0.9797980 0.9797980 0.9797980 0.9797980 0.9797980 0.9797980 0.9797980 0.9797980 0.9797980 0.9797980 0.9797980 0.9797980 0.9797980 0.9797980 0.9797980 0.9797980 0.9797980 0.9797980 0.9797980 0.9797980 0.9797980 0.9797980 0.9797980 0.9797980 0.9797980 0.9797980 0.9797980 0.9797980 0.9797980 0.9797980 0.9797980 0.9797980 0.9797980 0.9797980 0.9797980 0.9797980 0.9797980 0.9797980 0.9797980 0.9797980 
0.9797980 0.9797980 0.9797980 0.9797980 0.9797980 0.9797980 0.9797980 0.9797980 0.9797980 0.9797980 0.9797980 0.9797980 0.9797980 0.9797980 0.9797980 0.9797980 0.9797980 0.9797980 0.9797980 0.9797980 0.9797980 0.9797980 0.9797980 0.9797980 0.9797980 0.9797980 0.9797980 0.9797980 0.9797980 0.9797980 0.9797980 0.9797980 0.9797980 0.9797980 0.9797980 0.9797980 0.9797980 0.9797980 0.9797980 0.9797980 0.9797980 0.9797980 0.9797980 0.9797980 0.9797980 0.9797980 0.9797980 0.9797980 0.9797980 0.9797980 0.9797980 0.9797980 0.9797980 0.9797980 0.9797980 0.9797980 0.9797980 
0.9797980 0.9797980 0.9797980 0.9797980 0.9797980 0.9797980 0.9797980 0.9797980 0.9797980 0.9797980 0.9797980 0.9797980 0.9797980 0.9797980 0.9797980 0.9797980 0.9797980 0.9797980 0.9797980 0.9797980 0.9797980 0.9797980 0.9797980 0.9797980 0.9797980 0.9797980 0.9797980 0.9797980 0.9797980 0.9797980 0.9797980 0.9797980 0.9797980 0.9797980 0.9797980 0.9797980 0.9797980 0.9797980 0.9797980 0.9797980 0.9797980 0.9797980 0.9797980 0.9797980 0.9797980 0.9797980 0.9797980 0.9797980 0.9797980 0.9797980 0.9797980 0.9797980 0.9797980 0.9797980 0.9797980 0.9797980 
0.9797980 0.9797980 0.9797980 0.9797980 0.9797980 0.9797980 0.9797980 0.9797980 0.9797980 0.9797980 0.9797980 0.9797980 0.9797980 0.9797980 0.9797980 0.9797980 0.9797980 0.9797980 0.9797980 0.9797980 0.9797980 0.9797980 0.9797980 0.9797980 0.9797980 0.9797980 0.9797980 0.9797980 0.9797980 0.9797980 0.9797980 0.9797980 0.9797980 0.9797980 0.9797980 0.9797980 0.9797980 0.9797980 0.9797980 0.9797980 0.9797980 0.9797980 0.9797980 0.9797980 0.9797980 0.9797980 0.9797980 0.9797980 0.9797980 0.9797980 0.9797980 0.9797980 0.9797980 0.9797980 0.9797980 
0.9797980 0.9797980 0.9797980 0.9797980 0.9797980 0.9797980 0.9797980 0.9797980 0.9797980 0.9797980 0.9797980 0.9797980 0.9797980 0.9797980 0.9797980 0.9797980 0.9797980 0.9797980 0.9797980 0.9797980 0.9797980 0.9797980 0.9797980 0.9797980 0.9797980 0.9797980 0.9797980 0.9797980 0.9797980 0.9797980 0.9797980 0.9797980 0.9797980 0.9797980 0.9797980 0.9797980 0.9797980 0.9797980 0.9797980 0.9797980 0.9797980 0.9797980 0.9797980 0.9797980 0.9797980 0.9797980 0.9797980 0.9797980 0.9797980 0.9797980 0.9797980 0.9797980 0.9797980 0.9797980 
0.9797980 0.9797980 0.9797980 0.9797980 0.9797980 0.9797980 0.9797980 0.9797980 0.9797980 0.9797980 0.9797980 0.9797980 0.9797980 0.9797980 0.9797980 0.9797980 0.9797980 0.9797980 0.9797980 0.9797980 0.9797980 0.9797980 0.9797980 0.9797980 0.9797980 0.9797980 0.9797980 0.9797980 0.9797980 0.9797980 0.9797980 0.9797980 0.9797980 0.9797980 0.9797980 0.9797980 0.9797980 0.9797980 0.9797980 0.9797980 0.9797980 0.9797980 0.9797980 0.9797980 0.9797980 0.9797980 0.9797980 0.9797980 0.9797980 0.9797980 0.9797980 0.9797980 0.9797980 
0.9797980 0.9797980 0.9797980 0.9797980 0.9797980 0.9797980 0.9797980 0.9797980 0.9797980 0.9797980 0.9797980 0.9797980 0.9797980 0.9797980 0.9797980 0.9797980 0.9797980 0.9797980 0.9797980 0.9797980 0.9797980 0.9797980 0.9797980 0.9797980 0.9797980 0.9797980 0.9797980 0.9797980 0.9797980 0.9797980 0.9797980 0.9797980 0.9797980 0.9797980 0.9797980 0.9797980 0.9797980 0.9797980 0.9797980 0.9797980 0.9797980 0.9797980 0.9797980 0.9797980 0.9797980 0.9797980 0.9797980 0.9797980 0.9797980 0.9797980 0.9797980 0.9797980 
0.9797980 0.9797980 0.9797980 0.9797980 0.9797980 0.9797980 0.9797980 0.9797980 0.9797980 0.9797980 0.9797980 0.9797980 0.9797980 0.9797980 0.9797980 0.9797980 0.9797980 0.9797980 0.9797980 0.9797980 0.9797980 0.9797980 0.9797980 0.9797980 0.9797980 0.9797980 0.9797980 0.9797980 0.9797980 0.9797980 0.9797980 0.9797980 0.9797980 0.9797980 0.9797980 0.9797980 0.9797980 0.9797980 0.9797980 0.9797980 0.9797980 0.9797980 0.9797980 0.9797980 0.9797980 0.9797980 0.9797980 0.9797980 0.9797980 0.9797980 0.9797980 
0.9797980 0.9797980 0.9797980 0.9797980 0.9797980 0.9797980 0.9797980 0.9797980 0.9797980 0.9797980 0.9797980 0.9797980 0.9797980 0.9797980 0.9797980 0.9797980 0.9797980 0.9797980 0.9797980 0.9797980 0.9797980 0.9797980 0.9797980 0.9797980 0.9797980 0.9797980 0.9797980 0.9797980 0.9797980 0.9797980 0.9797980 0.9797980 0.9797980 0.9797980 0.9797980 0.9797980 0.9797980 0.9797980 0.9797980 0.9797980 0.9797980 0.9797980 0.9797980 0.9797980 0.9797980 0.9797980 0.9797980 0.9797980 0.9797980 0.9797980 
0.9797980 0.9797980 0.9797980 0.9797980 0.9797980 0.9797980 0.9797980 0.9797980 0.9797980 0.9797980 0.9797980 0.9797980 0.9797980 0.9797980 0.9797980 0.9797980 0.9797980 0.9797980 0.9797980 0.9797980 0.9797980 0.9797980 0.9797980 0.9797980 0.9797980 0.9797980 0.9797980 0.9797980 0.9797980 0.9797980 0.9797980 0.9797980 0.9797980 0.9797980 0.9797980 0.9797980 0.9797980 0.9797980 0.9797980 0.9797980 0.9797980 0.9797980 0.9797980 0.9797980 0.9797980 0.9797980 0.9797980 0.9797980 0.9797980 
0.9797980 0.9797980 0.9797980 0.9797980 0.9797980 0.9797980 0.9797980 0.9797980 0.9797980 0.9797980 0.9797980 0.9797980 0.9797980 0.9797980 0.9797980 0.9797980 0.9797980 0.9797980 0.9797980 0.9797980 0.9797980 0.9797980 0.9797980 0.9797980 0.9797980 0.9797980 0.9797980 0.9797980 0.9797980 0.9797980 0.9797980 0.9797980 0.9797980 0.9797980 0.9797980 0.9797980 0.9797980 0.9797980 0.9797980 0.9797980 0.9797980 0.9797980 0.9797980 0.9797980 0.9797980 0.9797980 0.9797980 0.9797980 
0.9797980 0.9797980 0.9797980 0.9797980 0.9797980 0.9797980 0.9797980 0.9797980 0.9797980 0.9797980 0.9797980 0.9797980 0.9797980 0.9797980 0.9797980 0.9797980 0.9797980 0.9797980 0.9797980 0.9797980 0.9797980 0.9797980 0.9797980 0.9797980 0.9797980 0.9797980 0.9797980 0.9797980 0.9797980 0.9797980 0.9797980 0.9797980 0.9797980 0.9797980 0.9797980 0.9797980 0.9797980 0.9797980 0.9797980 0.9797980 0.9797980 0.9797980 0.9797980 0.9797980 0.9797980 0.9797980 0.9797980 
0.9797980 0.9797980 0.9797980 0.9797980 0.9797980 0.9797980 0.9797980 0.9797980 0.9797980 0.9797980 0.9797980 0.9797980 0.9797980 0.9797980 0.9797980 0.9797980 0.9797980 0.9797980 0.9797980 0.9797980 0.9797980 0.9797980 0.9797980 0.9797980 0.9797980 0.9797980 0.9797980 0.9797980 0.9797980 0.9797980 0.9797980 0.9797980 0.9797980 0.9797980 0.9797980 0.9797980 0.9797980 0.9797980 0.9797980 0.9797980 0.9797980 0.9797980 0.9797980 0.9797980 0.9797980 0.9797980 
0.9797980 0.9797980 0.9797980 0.9797980 0.9797980 0.9797980 0.9797980 0.9797980 0.9797980 0.9797980 0.9797980 0.9797980 0.9797980 0.9797980 0.9797980 0.9797980 0.9797980 0.9797980 0.9797980 0.9797980 0.9797980 0.9797980 0.9797980 0.9797980 0.9797980 0.9797980 0.9797980 0.9797980 0.9797980 0.9797980 0.9797980 0.9797980 0.9797980 0.9797980 0.9797980 0.9797980 0.9797980 0.9797980 0.9797980 0.9797980 0.9797980 0.9797980 0.9797980 0.9797980 0.9797980 
0.9797980 0.9797980 0.9797980 0.9797980 0.9797980 0.9797980 0.9797980 0.9797980 0.9797980 0.9797980 0.9797980 0.9797980 0.9797980 0.9797980 0.9797980 0.9797980 0.9797980 0.9797980 0.9797980 0.9797980 0.9797980 0.9797980 0.9797980 0.9797980 0.9797980 0.9797980 0.9797980 0.9797980 0.9797980 0.9797980 0.9797980 0.9797980 0.9797980 0.9797980 0.9797980 0.9797980 0.9797980 0.9797980 0.9797980 0.9797980 0.9797980 0.9797980 0.9797980 0.9797980 
0.9797980 0.9797980 0.9797980 0.9797980 0.9797980 0.9797980 0.9797980 0.9797980 0.9797980 0.9797980 0.9797980 0.9797980 0.9797980 0.9797980 0.9797980 0.9797980 0.9797980 0.9797980 0.9797980 0.9797980 0.9797980 0.9797980 0.9797980 0.9797980 0.9797980 0.9797980 0.9797980 0.9797980 0.9797980 0.9797980 0.9797980 0.9797980 0.9797980 0.9797980 0.9797980 0.9797980 0.9797980 0.9797980 0.9797980 0.9797980 0.9797980 0.9797980 0.9797980 
0.9797980 0.9797980 0.9797980 0.9797980 0.9797980 0.9797980 0.9797980 0.9797980 0.9797980 0.9797980 0.9797980 0.9797980 0.9797980 0.9797980 0.9797980 0.9797980 0.9797980 0.9797980 0.9797980 0.9797980 0.9797980 0.9797980 0.9797980 0.9797980 0.9797980 0.9797980 0.9797980 0.9797980 0.9797980 0.9797980 0.9797980 0.9797980 0.9797980 0.9797980 0.9797980 0.9797980 0.9797980 0.9797980 0.9797980 0.9797980 0.9797980 0.9797980 
0.9797980 0.9797980 0.9797980 0.9797980 0.9797980 0.9797980 0.9797980 0.9797980 0.9797980 0.9797980 0.9797980 0.9797980 0.9797980 0.9797980 0.9797980 0.9797980 0.9797980 0.9797980 0.9797980 0.9797980 0.9797980 0.9797980 0.9797980 0.9797980 0.9797980 0.9797980 0.9797980 0.9797980 0.9797980 0.9797980 0.9797980 0.9797980 0.9797980 0.9797980 0.9797980 0.9797980 0.9797980 0.9797980 0.9797980 0.9797980 0.9797980 
0.9797980 0.9797980 0.9797980 0.9797980 0.9797980 0.9797980 0.9797980 0.9797980 0.9797980 0.9797980 0.9797980 0.9797980 0.9797980 0.9797980 0.9797980 0.9797980 0.9797980 0.9797980 0.9797980 0.9797980 0.9797980 0.9797980 0.9797980 0.9797980 0.9797980 0.9797980 0.9797980 0.9797980 0.9797980 0.9797980 0.9797980 0.9797980 0.9797980 0.9797980 0.9797980 0.9797980 0.9797980 0.9797980 0.9797980 0.9797980 
0.9797980 0.9797980 0.9797980 0.9797980 0.9797980 0.9797980 0.9797980 0.9797980 0.9797980 0.9797980 0.9797980 0.9797980 0.9797980 0.9797980 0.9797980 0.9797980 0.9797980 0.9797980 0.9797980 0.9797980 0.9797980 0.9797980 0.9797980 0.9797980 0.9797980 0.9797980 0.9797980 0.9797980 0.9797980 0.9797980 0.9797980 0.9797980 0.9797980 0.9797980 0.9797980 0.9797980 0.9797980 0.9797980 0.9797980 
0.9797980 0.9797980 0.9797980 0.9797980 0.9797980 0.9797980 0.9797980 0.9797980 0.9797980 0.9797980 0.9797980 0.9797980 0.9797980 0.9797980 0.9797980 0.9797980 0.9797980 0.9797980 0.9797980 0.9797980 0.9797980 0.9797980 0.9797980 0.9797980 0.9797980 0.9797980 0.9797980 0.9797980 0.9797980 0.9797980 0.9797980 0.9797980 0.9797980 0.9797980 0.9797980 0.9797980 0.9797980 0.9797980 
0.9797980 0.9797980 0.9797980 0.9797980 0.9797980 0.9797980 0.9797980 0.9797980 0.9797980 0.9797980 0.9797980 0.9797980 0.9797980 0.9797980 0.9797980 0.9797980 0.9797980 0.9797980 0.9797980 0.9797980 0.9797980 0.9797980 0.9797980 0.9797980 0.9797980 0.9797980 0.9797980 0.9797980 0.9797980 0.9797980 0.9797980 0.9797980 0.9797980 0.9797980 0.9797980 0.9797980 0.9797980 
0.9797980 0.9797980 0.9797980 0.9797980 0.9797980 0.9797980 0.9797980 0.9797980 0.9797980 0.9797980 0.9797980 0.9797980 0.9797980 0.9797980 0.9797980 0.9797980 0.9797980 0.9797980 0.9797980 0.9797980 0.9797980 0.9797980 0.9797980 0.9797980 0.9797980 0.9797980 0.9797980 0.9797980 0.9797980 0.9797980 0.9797980 0.9797980 0.9797980 0.9797980 0.9797980 0.9797980 
0.9797980 0.9797980 0.9797980 0.9797980 0.9797980 0.9797980 0.9797980 0.9797980 0.9797980 0.9797980 0.9797980 0.9797980 0.9797980 0.9797980 0.9797980 0.9797980 0.9797980 0.9797980 0.9797980 0.9797980 0.9797980 0.9797980 0.9797980 0.9797980 0.9797980 0.9797980 0.9797980 0.9797980 0.9797980 0.9797980 0.9797980 0.9797980 0.9797980 0.9797980 0.9797980 
0.9797980 0.9797980 0.9797980 0.9797980 0.9797980 0.9797980 0.9797980 0.9797980 0.9797980 0.9797980 0.9797980 0.9797980 0.9797980 0.9797980 0.9797980 0.9797980 0.9797980 0.9797980 0.9797980 0.9797980 0.9797980 0.9797980 0.9797980 0.9797980 0.9797980 0.9797980 0.9797980 0.9797980 0.9797980 0.9797980 0.9797980 0.9797980 0.9797980 0.9797980 
0.9797980 0.9797980 0.9797980 0.9797980 0.9797980 0.9797980 0.9797980 0.9797980 0.9797980 0.9797980 0.9797980 0.9797980 0.9797980 0.9797980 0.9797980 0.9797980 0.9797980 0.9797980 0.9797980 0.9797980 0.9797980 0.9797980 0.9797980 0.9797980 0.9797980 0.9797980 0.9797980 0.9797980 0.9797980 0.9797980 0.9797980 0.9797980 0.9797980 
0.9797980 0.9797980 0.9797980 0.9797980 0.9797980 0.9797980 0.9797980 0.9797980 0.9797980 0.9797980 0.9797980 0.9797980 0.9797980 0.9797980 0.9797980 0.9797980 0.9797980 0.9797980 0.9797980 0.9797980 0.9797980 0.9797980 0.9797980 0.9797980 0.9797980 0.9797980 0.9797980 0.9797980 0.9797980 0.9797980 0.9797980 0.9797980 
0.9797980 0.9797980 0.9797980 0.9797980 0.9797980 0.9797980 0.9797980 0.9797980 0.9797980 0.9797980 0.9797980 0.9797980 0.9797980 0.9797980 0.9797980 0.9797980 0.9797980 0.9797980 0.9797980 0.9797980 0.9797980 0.9797980 0.9797980 0.9797980 0.9797980 0.9797980 0.9797980 0.9797980 0.9797980 0.9797980 0.9797980 
0.9797980 0.9797980 0.9797980 0.9797980 0.9797980 0.9797980 0.9797980 0.9797980 0.9797980 0.9797980 0.9797980 0.9797980 0.9797980 0.9797980 0.9797980 0.9797980 0.9797980 0.9797980 0.9797980 0.9797980 0.9797980 0.9797980 0.9797980 0.9797980 0.9797980 0.9797980 0.9797980 0.9797980 0.9797980 0.9797980 
0.9797980 0.9797980 0.9797980 0.9797980 0.9797980 0.9797980 0.9797980 0.9797980 0.9797980 0.9797980 0.9797980 0.9797980 0.9797980 0.9797980 0.9797980 0.9797980 0.9797980 0.9797980 0.9797980 0.9797980 0.9797980 0.9797980 0.9797980 0.9797980 0.9797980 0.9797980 0.9797980 0.9797980 0.9797980 
0.9797980 0.9797980 0.9797980 0.9797980 0.9797980 0.9797980 0.9797980 0.9797980 0.9797980 0.9797980 0.9797980 0.9797980 0.9797980 0.9797980 0.9797980 0.9797980 0.9797980 0.9797980 0.9797980 0.9797980 0.9797980 0.9797980 0.9797980 0.9797980 0.9797980 0.9797980 0.9797980 0.9797980 
0.9797980 0.9797980 0.9797980 0.9797980 0.9797980 0.9797980 0.9797980 0.9797980 0.9797980 0.9797980 0.9797980 0.9797980 0.9797980 0.9797980 0.9797980 0.9797980 0.9797980 0.9797980 0.9797980 0.9797980 0.9797980 0.9797980 0.9797980 0.9797980 0.9797980 0.9797980 0.9797980 
0.9797980 0.9797980 0.9797980 0.9797980 0.9797980 0.9797980 0.9797980 0.9797980 0.9797980 0.9797980 0.9797980 0.9797980 0.9797980 0.9797980 0.9797980 0.9797980 0.9797980 0.9797980 0.9797980 0.9797980 0.9797980 0.9797980 0.9797980 0.9797980 0.9797980 0.9797980 
0.9797980 0.9797980 0.9797980 0.9797980 0.9797980 0.9797980 0.9797980 0.9797980 0.9797980 0.9797980 0.9797980 0.9797980 0.9797980 0.9797980 0.9797980 0.9797980 0.9797980 0.9797980 0.9797980 0.9797980 0.9797980 0.9797980 0.9797980 0.9797980 0.9797980 
0.9797980 0.9797980 0.9797980 0.9797980 0.9797980 0.9797980 0.9797980 0.9797980 0.9797980 0.9797980 0.9797980 0.9797980 0.9797980 0.9797980 0.9797980 0.9797980 0.9797980 0.9797980 0.9797980 0.9797980 0.9797980 0.9797980 0.9797980 0.9797980 
0.9797980 0.9797980 0.9797980 0.9797980 0.9797980 0.9797980 0.9797980 0.9797980 0.9797980 0.9797980 0.9797980 0.9797980 0.9797980 0.9797980 0.9797980 0.9797980 0.9797980 0.9797980 0.9797980 0.9797980 0.9797980 0.9797980 0.9797980 
0.9797980 0.9797980 0.9797980 0.9797980 0.9797980 0.9797980 0.9797980 0.9797980 0.9797980 0.9797980 0.9797980 0.9797980 0.9797980 0.9797980 0.9797980 0.9797980 0.9797980 0.9797980 0.9797980 0.9797980 0.9797980 0.9797980 
0.9797980 0.9797980 0.9797980 0.9797980 0.9797980 0.9797980 0.9797980 0.9797980 0.9797980 0.9797980 0.9797980 0.9797980 0.9797980 0.9797980 0.9797980 0.9797980 0.9797980 0.9797980 0.9797980 0.9797980 0.9797980 
0.9797980 0.9797980 0.9797980 0.9797980 0.9797980 0.9797980 0.9797980 0.9797980 0.9797980 0.9797980 0.9797980 0.9797980 0.9797980 0.9797980 0.9797980 0.9797980 0.9797980 0.9797980 0.9797980 0.9797980 
0.9797980 0.9797980 0.9797980 0.9797980 0.9797980 0.9797980 0.9797980 0.9797980 0.9797980 0.9797980 0.9797980 0.9797980 0.9797980 0.9797980 0.9797980 0.9797980 0.9797980 0.9797980 0.9797980 
0.9797980 0.9797980 0.9797980 0.9797980 0.9797980 0.9797980 0.9797980 0.9797980 0.9797980 0.9797980 0.9797980 0.9797980 0.9797980 0.9797980 0.9797980 0.9797980 0.9797980 0.9797980 
0.9797980 0.9797980 0.9797980 0.9797980 0.9797980 0.9797980 0.9797980 0.9797980 0.9797980 0.9797980 0.9797980 0.9797980 0.9797980 0.9797980 0.9797980 0.9797980 0.9797980 
0.9797980 0.9797980 0.9797980 0.9797980 0.9797980 0.9797980 0.9797980 0.9797980 0.9797980 0.9797980 0.9797980 0.9797980 0.9797980 0.9797980 0.9797980 0.9797980 
0.9797980 0.9797980 0.9797980 0.9797980 0.9797980 0.9797980 0.9797980 0.9797980 0.9797980 0.9797980 0.9797980 0.9797980 0.9797980 0.9797980 0.9797980 
0.9797980 0.9797980 0.9797980 0.9797980 0.9797980 0.9797980 0.9797980 0.9797980 0.9797980 0.9797980 0.9797980 0.9797980 0.9797980 0.9797980 
0.9797980 0.9797980 0.9797980 0.9797980 0.9797980 0.9797980 0.9797980 0.9797980 0.9797980 0.9797980 0.9797980 0.9797980 0.9797980 
0.9797980 0.9797980 0.9797980 0.9797980 0.9797980 0.9797980 0.9797980 0.9797980 0.9797980 0.9797980 0.9797980 0.9797980 
0.9797980 0.9797980 0.9797980 0.9797980 0.9797980 0.9797980 0.9797980 0.9797980 0.9797980 0.9797980 0.9797980 
0.9797980 0.9797980 0.9797980 0.9797980 0.9797980 0.9797980 0.9797980 0.9797980 0.9797980 0.9797980 
0.9797980 0.9797980 0.9797980 0.9797980 0.9797980 0.9797980 0.9797980 0.9797980 0.9797980 
0.9797980 0.9797980 0.9797980 0.9797980 0.9797980 0.9797980 0.9797980 0.9797980 
0.9797980 0.9797980 0.9797980 0.9797980 0.9797980 0.9797980 0.9797980 
0.9797980 0.9797980 0.9797980 0.9797980 0.9797980 0.9797980 
0.9797980 0.9797980 0.9797980 0.9797980 0.9797980 
0.9797980 0.9797980 0.9797980 0.9797980 
0.9797980 0.9797980 0.9797980 
0.9797980 0.9797980 
0.9797980 








































































